predictor,PrcIncMSE,metric,region,iteration
p_mm_cy,21.07001335885485,annualfractionnoflow,National,1
p_mm_jas,21.35448532612296,annualfractionnoflow,National,1
p_mm_ond,20.151948048508594,annualfractionnoflow,National,1
p_mm_jfm,17.30126097556758,annualfractionnoflow,National,1
p_mm_amj,13.424749674549249,annualfractionnoflow,National,1
pet_mm_cy,14.6977972182931,annualfractionnoflow,National,1
pet_mm_jas,20.191705112899147,annualfractionnoflow,National,1
pet_mm_ond,14.872723245726155,annualfractionnoflow,National,1
pet_mm_jfm,15.045398071598237,annualfractionnoflow,National,1
pet_mm_amj,23.501490618202602,annualfractionnoflow,National,1
T_max_c_cy,16.673501535736566,annualfractionnoflow,National,1
T_max_c_jas,18.251158715813798,annualfractionnoflow,National,1
T_max_c_ond,19.10736377410563,annualfractionnoflow,National,1
T_max_c_jfm,16.909028769737617,annualfractionnoflow,National,1
T_max_c_amj,17.224172891729847,annualfractionnoflow,National,1
swe_mm_cy,14.237131100840491,annualfractionnoflow,National,1
swe_mm_jas,4.1602609408475315,annualfractionnoflow,National,1
swe_mm_ond,14.561123587290627,annualfractionnoflow,National,1
swe_mm_jfm,15.097802337573976,annualfractionnoflow,National,1
swe_mm_amj,10.385771790421165,annualfractionnoflow,National,1
p.pet_cy,19.50099756924534,annualfractionnoflow,National,1
swe.p_cy,14.45844947696356,annualfractionnoflow,National,1
p.pet_jfm,17.319252707457217,annualfractionnoflow,National,1
swe.p_jfm,14.164030588427204,annualfractionnoflow,National,1
p.pet_amj,18.142541411065736,annualfractionnoflow,National,1
swe.p_amj,9.787380702461267,annualfractionnoflow,National,1
p.pet_jas,22.301299611074455,annualfractionnoflow,National,1
swe.p_jas,5.241179235278528,annualfractionnoflow,National,1
p.pet_ond,20.20284563983953,annualfractionnoflow,National,1
swe.p_ond,15.175628400397866,annualfractionnoflow,National,1
p_mm_cy.previous,19.334442777190308,annualfractionnoflow,National,1
p_mm_jas.previous,17.944399176292492,annualfractionnoflow,National,1
p_mm_ond.previous,17.36177751748826,annualfractionnoflow,National,1
p_mm_jfm.previous,19.165884795046466,annualfractionnoflow,National,1
p_mm_amj.previous,16.384910782364152,annualfractionnoflow,National,1
pet_mm_cy.previous,12.402880226778093,annualfractionnoflow,National,1
pet_mm_jas.previous,19.84483868170309,annualfractionnoflow,National,1
pet_mm_ond.previous,11.793794296707295,annualfractionnoflow,National,1
pet_mm_jfm.previous,15.68566729804265,annualfractionnoflow,National,1
pet_mm_amj.previous,18.33054612105536,annualfractionnoflow,National,1
T_max_c_cy.previous,14.59566379662717,annualfractionnoflow,National,1
T_max_c_jas.previous,18.22346888449547,annualfractionnoflow,National,1
T_max_c_ond.previous,17.006477699451935,annualfractionnoflow,National,1
T_max_c_jfm.previous,19.516911513688484,annualfractionnoflow,National,1
T_max_c_amj.previous,16.336758229330645,annualfractionnoflow,National,1
swe_mm_cy.previous,16.38624719286481,annualfractionnoflow,National,1
swe_mm_jas.previous,1.5528351429383174,annualfractionnoflow,National,1
swe_mm_ond.previous,14.731049991293526,annualfractionnoflow,National,1
swe_mm_jfm.previous,16.479622819378204,annualfractionnoflow,National,1
swe_mm_amj.previous,13.113422084106917,annualfractionnoflow,National,1
p.pet_cy.previous,32.45474633875837,annualfractionnoflow,National,1
swe.p_cy.previous,13.079199023009712,annualfractionnoflow,National,1
p.pet_jfm.previous,19.310612722885505,annualfractionnoflow,National,1
swe.p_jfm.previous,10.094570152580388,annualfractionnoflow,National,1
p.pet_amj.previous,11.653279511864786,annualfractionnoflow,National,1
swe.p_amj.previous,7.871795003485337,annualfractionnoflow,National,1
p.pet_jas.previous,13.830914662881097,annualfractionnoflow,National,1
swe.p_jas.previous,4.356579277358252,annualfractionnoflow,National,1
p.pet_ond.previous,13.059257646146493,annualfractionnoflow,National,1
swe.p_ond.previous,13.228177994622387,annualfractionnoflow,National,1
dams_n,19.851147896962196,annualfractionnoflow,National,1
maxstorage_af,25.833336220978268,annualfractionnoflow,National,1
normstorage_af,25.19620263945844,annualfractionnoflow,National,1
majordams_n,14.389596608614248,annualfractionnoflow,National,1
wuse_mm,33.092090514538825,annualfractionnoflow,National,1
irrig_prc,29.53394187229727,annualfractionnoflow,National,1
lulc_water_prc,29.48214871638259,annualfractionnoflow,National,1
lulc_dev_prc,35.56506355512273,annualfractionnoflow,National,1
lulc_wetland_prc,32.547355017023186,annualfractionnoflow,National,1
lulc_forest_prc,28.444595053438896,annualfractionnoflow,National,1
lulc_barren_prc,35.121445417055746,annualfractionnoflow,National,1
lulc_grass_prc,50.8290970876716,annualfractionnoflow,National,1
lulc_ag_prc,30.284590878511448,annualfractionnoflow,National,1
drain_sqkm,39.40913008971833,annualfractionnoflow,National,1
elev_mean_m_basin,23.759776965811792,annualfractionnoflow,National,1
slope_pct,25.675453165175373,annualfractionnoflow,National,1
awcave,28.885996601324432,annualfractionnoflow,National,1
permave,38.49213801312171,annualfractionnoflow,National,1
topwet,25.941215576858237,annualfractionnoflow,National,1
depth_bedrock_m,24.09557119979956,annualfractionnoflow,National,1
porosity,31.470553718149574,annualfractionnoflow,National,1
storage_m,25.33196467596938,annualfractionnoflow,National,1
clayave,32.20649322154566,annualfractionnoflow,National,1
siltave,37.38951148987849,annualfractionnoflow,National,1
sandave,33.40751811556489,annualfractionnoflow,National,1
p_mm_cy,20.003087140885118,annualfractionnoflow,National,2
p_mm_jas,19.578181076263373,annualfractionnoflow,National,2
p_mm_ond,20.566721115530715,annualfractionnoflow,National,2
p_mm_jfm,16.409752498844565,annualfractionnoflow,National,2
p_mm_amj,14.103884841863907,annualfractionnoflow,National,2
pet_mm_cy,18.499494737922976,annualfractionnoflow,National,2
pet_mm_jas,17.48972575764196,annualfractionnoflow,National,2
pet_mm_ond,15.17978902761384,annualfractionnoflow,National,2
pet_mm_jfm,16.82714729865399,annualfractionnoflow,National,2
pet_mm_amj,22.013174543691974,annualfractionnoflow,National,2
T_max_c_cy,17.79817124494667,annualfractionnoflow,National,2
T_max_c_jas,20.016588993452864,annualfractionnoflow,National,2
T_max_c_ond,22.534541682123965,annualfractionnoflow,National,2
T_max_c_jfm,14.618553210743274,annualfractionnoflow,National,2
T_max_c_amj,17.884618447090816,annualfractionnoflow,National,2
swe_mm_cy,15.52384331102244,annualfractionnoflow,National,2
swe_mm_jas,5.213112659349142,annualfractionnoflow,National,2
swe_mm_ond,16.72409121228784,annualfractionnoflow,National,2
swe_mm_jfm,13.325825591997228,annualfractionnoflow,National,2
swe_mm_amj,11.159566261183112,annualfractionnoflow,National,2
p.pet_cy,16.895208973956862,annualfractionnoflow,National,2
swe.p_cy,15.346842140720023,annualfractionnoflow,National,2
p.pet_jfm,18.520273519097493,annualfractionnoflow,National,2
swe.p_jfm,14.569929277698693,annualfractionnoflow,National,2
p.pet_amj,21.900024876370786,annualfractionnoflow,National,2
swe.p_amj,10.659075195416316,annualfractionnoflow,National,2
p.pet_jas,24.93205904763817,annualfractionnoflow,National,2
swe.p_jas,5.543987928582314,annualfractionnoflow,National,2
p.pet_ond,18.88005450294307,annualfractionnoflow,National,2
swe.p_ond,16.70565529309236,annualfractionnoflow,National,2
p_mm_cy.previous,20.552100608948912,annualfractionnoflow,National,2
p_mm_jas.previous,11.289468398144484,annualfractionnoflow,National,2
p_mm_ond.previous,16.025610994146522,annualfractionnoflow,National,2
p_mm_jfm.previous,19.533343529762572,annualfractionnoflow,National,2
p_mm_amj.previous,10.716190654970308,annualfractionnoflow,National,2
pet_mm_cy.previous,14.42501899057018,annualfractionnoflow,National,2
pet_mm_jas.previous,22.017499739760797,annualfractionnoflow,National,2
pet_mm_ond.previous,14.285079642524918,annualfractionnoflow,National,2
pet_mm_jfm.previous,13.210045660986017,annualfractionnoflow,National,2
pet_mm_amj.previous,16.620265764963037,annualfractionnoflow,National,2
T_max_c_cy.previous,15.838697661235198,annualfractionnoflow,National,2
T_max_c_jas.previous,18.643326760608282,annualfractionnoflow,National,2
T_max_c_ond.previous,15.76879225523944,annualfractionnoflow,National,2
T_max_c_jfm.previous,18.21482531813452,annualfractionnoflow,National,2
T_max_c_amj.previous,15.310852297986587,annualfractionnoflow,National,2
swe_mm_cy.previous,16.5715429068726,annualfractionnoflow,National,2
swe_mm_jas.previous,4.173311626224594,annualfractionnoflow,National,2
swe_mm_ond.previous,15.146770515743611,annualfractionnoflow,National,2
swe_mm_jfm.previous,13.933220064737334,annualfractionnoflow,National,2
swe_mm_amj.previous,13.394853378871854,annualfractionnoflow,National,2
p.pet_cy.previous,25.004912511688897,annualfractionnoflow,National,2
swe.p_cy.previous,15.829322786977832,annualfractionnoflow,National,2
p.pet_jfm.previous,20.868058754847695,annualfractionnoflow,National,2
swe.p_jfm.previous,12.916427408511554,annualfractionnoflow,National,2
p.pet_amj.previous,10.109970551694527,annualfractionnoflow,National,2
swe.p_amj.previous,10.815988254793906,annualfractionnoflow,National,2
p.pet_jas.previous,13.3521222724581,annualfractionnoflow,National,2
swe.p_jas.previous,5.247624304782757,annualfractionnoflow,National,2
p.pet_ond.previous,17.287300580936293,annualfractionnoflow,National,2
swe.p_ond.previous,17.535507575102894,annualfractionnoflow,National,2
dams_n,21.52117821906391,annualfractionnoflow,National,2
maxstorage_af,22.105513238684015,annualfractionnoflow,National,2
normstorage_af,23.781030195129247,annualfractionnoflow,National,2
majordams_n,16.745715526895655,annualfractionnoflow,National,2
wuse_mm,36.59545348343095,annualfractionnoflow,National,2
irrig_prc,29.115637864182062,annualfractionnoflow,National,2
lulc_water_prc,31.828663113781264,annualfractionnoflow,National,2
lulc_dev_prc,33.00848095559881,annualfractionnoflow,National,2
lulc_wetland_prc,33.53645414644861,annualfractionnoflow,National,2
lulc_forest_prc,35.09837817174646,annualfractionnoflow,National,2
lulc_barren_prc,34.64469684828317,annualfractionnoflow,National,2
lulc_grass_prc,43.81861462899749,annualfractionnoflow,National,2
lulc_ag_prc,29.281673223574547,annualfractionnoflow,National,2
drain_sqkm,43.41241728496148,annualfractionnoflow,National,2
elev_mean_m_basin,29.512544737276606,annualfractionnoflow,National,2
slope_pct,26.89216105585762,annualfractionnoflow,National,2
awcave,23.60322004903329,annualfractionnoflow,National,2
permave,34.707609085601234,annualfractionnoflow,National,2
topwet,32.12068747622032,annualfractionnoflow,National,2
depth_bedrock_m,27.289565822184016,annualfractionnoflow,National,2
porosity,25.940705491951146,annualfractionnoflow,National,2
storage_m,26.810451373896917,annualfractionnoflow,National,2
clayave,38.434598947182316,annualfractionnoflow,National,2
siltave,35.04620727927276,annualfractionnoflow,National,2
sandave,34.955627047679656,annualfractionnoflow,National,2
p_mm_cy,20.290114672415733,annualfractionnoflow,National,3
p_mm_jas,19.264747320428484,annualfractionnoflow,National,3
p_mm_ond,18.4048213416378,annualfractionnoflow,National,3
p_mm_jfm,18.27650968936829,annualfractionnoflow,National,3
p_mm_amj,15.401694299265408,annualfractionnoflow,National,3
pet_mm_cy,18.05645717662554,annualfractionnoflow,National,3
pet_mm_jas,24.714481486753943,annualfractionnoflow,National,3
pet_mm_ond,12.392982989743283,annualfractionnoflow,National,3
pet_mm_jfm,18.260236059864777,annualfractionnoflow,National,3
pet_mm_amj,21.252297434229654,annualfractionnoflow,National,3
T_max_c_cy,17.517315722424684,annualfractionnoflow,National,3
T_max_c_jas,22.371297479332995,annualfractionnoflow,National,3
T_max_c_ond,19.492993256865944,annualfractionnoflow,National,3
T_max_c_jfm,17.593734929149655,annualfractionnoflow,National,3
T_max_c_amj,20.12809101625736,annualfractionnoflow,National,3
swe_mm_cy,14.932651959775356,annualfractionnoflow,National,3
swe_mm_jas,4.160887358796804,annualfractionnoflow,National,3
swe_mm_ond,16.250393831730147,annualfractionnoflow,National,3
swe_mm_jfm,15.199327934759,annualfractionnoflow,National,3
swe_mm_amj,7.868586431985825,annualfractionnoflow,National,3
p.pet_cy,17.891293506652968,annualfractionnoflow,National,3
swe.p_cy,15.752942856511444,annualfractionnoflow,National,3
p.pet_jfm,21.64725300345058,annualfractionnoflow,National,3
swe.p_jfm,16.72736999313533,annualfractionnoflow,National,3
p.pet_amj,22.937218864459876,annualfractionnoflow,National,3
swe.p_amj,10.286471901889517,annualfractionnoflow,National,3
p.pet_jas,23.881078106603642,annualfractionnoflow,National,3
swe.p_jas,5.12854057863259,annualfractionnoflow,National,3
p.pet_ond,18.458931882359497,annualfractionnoflow,National,3
swe.p_ond,18.388011005644906,annualfractionnoflow,National,3
p_mm_cy.previous,21.22161106427511,annualfractionnoflow,National,3
p_mm_jas.previous,15.285056210811712,annualfractionnoflow,National,3
p_mm_ond.previous,20.65393448780988,annualfractionnoflow,National,3
p_mm_jfm.previous,19.05522267063932,annualfractionnoflow,National,3
p_mm_amj.previous,12.486057308718756,annualfractionnoflow,National,3
pet_mm_cy.previous,15.994614258082137,annualfractionnoflow,National,3
pet_mm_jas.previous,20.23089432770147,annualfractionnoflow,National,3
pet_mm_ond.previous,14.12934935510732,annualfractionnoflow,National,3
pet_mm_jfm.previous,16.31009683191802,annualfractionnoflow,National,3
pet_mm_amj.previous,13.499199575514533,annualfractionnoflow,National,3
T_max_c_cy.previous,18.654872195354617,annualfractionnoflow,National,3
T_max_c_jas.previous,20.6192498124225,annualfractionnoflow,National,3
T_max_c_ond.previous,21.116239880446933,annualfractionnoflow,National,3
T_max_c_jfm.previous,18.97011706524283,annualfractionnoflow,National,3
T_max_c_amj.previous,17.712819427889976,annualfractionnoflow,National,3
swe_mm_cy.previous,14.866074824925215,annualfractionnoflow,National,3
swe_mm_jas.previous,2.757457329476864,annualfractionnoflow,National,3
swe_mm_ond.previous,14.20810259359033,annualfractionnoflow,National,3
swe_mm_jfm.previous,13.435308852585122,annualfractionnoflow,National,3
swe_mm_amj.previous,11.893359350425525,annualfractionnoflow,National,3
p.pet_cy.previous,25.80092997881371,annualfractionnoflow,National,3
swe.p_cy.previous,14.705608039834816,annualfractionnoflow,National,3
p.pet_jfm.previous,20.283814425179873,annualfractionnoflow,National,3
swe.p_jfm.previous,19.947101858279353,annualfractionnoflow,National,3
p.pet_amj.previous,9.565926293226136,annualfractionnoflow,National,3
swe.p_amj.previous,9.573432251780774,annualfractionnoflow,National,3
p.pet_jas.previous,14.777242410272313,annualfractionnoflow,National,3
swe.p_jas.previous,3.8274122680510527,annualfractionnoflow,National,3
p.pet_ond.previous,17.10841377508613,annualfractionnoflow,National,3
swe.p_ond.previous,14.516708783747614,annualfractionnoflow,National,3
dams_n,20.16502593013187,annualfractionnoflow,National,3
maxstorage_af,24.100938054231907,annualfractionnoflow,National,3
normstorage_af,22.900192188350136,annualfractionnoflow,National,3
majordams_n,19.68230442561513,annualfractionnoflow,National,3
wuse_mm,32.934985371623974,annualfractionnoflow,National,3
irrig_prc,34.61901839510774,annualfractionnoflow,National,3
lulc_water_prc,31.647818859649753,annualfractionnoflow,National,3
lulc_dev_prc,34.21104848280959,annualfractionnoflow,National,3
lulc_wetland_prc,34.454544666142624,annualfractionnoflow,National,3
lulc_forest_prc,34.295596373374316,annualfractionnoflow,National,3
lulc_barren_prc,33.320694673557625,annualfractionnoflow,National,3
lulc_grass_prc,46.984759976921005,annualfractionnoflow,National,3
lulc_ag_prc,31.989168746089064,annualfractionnoflow,National,3
drain_sqkm,41.538901552197665,annualfractionnoflow,National,3
elev_mean_m_basin,28.91114131328628,annualfractionnoflow,National,3
slope_pct,29.9636609143285,annualfractionnoflow,National,3
awcave,27.03084475647259,annualfractionnoflow,National,3
permave,35.77509758737141,annualfractionnoflow,National,3
topwet,25.700285095673337,annualfractionnoflow,National,3
depth_bedrock_m,26.094625608044375,annualfractionnoflow,National,3
porosity,23.77214983015653,annualfractionnoflow,National,3
storage_m,26.220584286849427,annualfractionnoflow,National,3
clayave,34.040747938686046,annualfractionnoflow,National,3
siltave,36.55469810064512,annualfractionnoflow,National,3
sandave,31.044967260887752,annualfractionnoflow,National,3
p_mm_cy,19.63835424863305,annualfractionnoflow,National,4
p_mm_jas,19.63490698091664,annualfractionnoflow,National,4
p_mm_ond,20.501673525975175,annualfractionnoflow,National,4
p_mm_jfm,18.219802144222754,annualfractionnoflow,National,4
p_mm_amj,15.327480700436134,annualfractionnoflow,National,4
pet_mm_cy,15.32266714594522,annualfractionnoflow,National,4
pet_mm_jas,18.75772900378191,annualfractionnoflow,National,4
pet_mm_ond,13.359264503597442,annualfractionnoflow,National,4
pet_mm_jfm,17.49525909794288,annualfractionnoflow,National,4
pet_mm_amj,21.568018137498544,annualfractionnoflow,National,4
T_max_c_cy,16.611083809806832,annualfractionnoflow,National,4
T_max_c_jas,18.024501116819565,annualfractionnoflow,National,4
T_max_c_ond,17.828774069771054,annualfractionnoflow,National,4
T_max_c_jfm,12.865092160409494,annualfractionnoflow,National,4
T_max_c_amj,19.032859675313322,annualfractionnoflow,National,4
swe_mm_cy,13.121649613422578,annualfractionnoflow,National,4
swe_mm_jas,0.8907614911905104,annualfractionnoflow,National,4
swe_mm_ond,15.51532589309646,annualfractionnoflow,National,4
swe_mm_jfm,16.606011318062297,annualfractionnoflow,National,4
swe_mm_amj,11.298018482807015,annualfractionnoflow,National,4
p.pet_cy,20.601946895517006,annualfractionnoflow,National,4
swe.p_cy,16.795669069931243,annualfractionnoflow,National,4
p.pet_jfm,17.798362311848347,annualfractionnoflow,National,4
swe.p_jfm,14.715545600965793,annualfractionnoflow,National,4
p.pet_amj,21.249721703814654,annualfractionnoflow,National,4
swe.p_amj,8.712964727025982,annualfractionnoflow,National,4
p.pet_jas,19.54242167571563,annualfractionnoflow,National,4
swe.p_jas,2.2810929826658133,annualfractionnoflow,National,4
p.pet_ond,17.343506816531754,annualfractionnoflow,National,4
swe.p_ond,16.74453580545588,annualfractionnoflow,National,4
p_mm_cy.previous,21.750951034024165,annualfractionnoflow,National,4
p_mm_jas.previous,13.074456905116927,annualfractionnoflow,National,4
p_mm_ond.previous,18.893095030241295,annualfractionnoflow,National,4
p_mm_jfm.previous,19.304850587476228,annualfractionnoflow,National,4
p_mm_amj.previous,11.318503244862141,annualfractionnoflow,National,4
pet_mm_cy.previous,12.535357497284487,annualfractionnoflow,National,4
pet_mm_jas.previous,18.645158410517602,annualfractionnoflow,National,4
pet_mm_ond.previous,12.183410221741184,annualfractionnoflow,National,4
pet_mm_jfm.previous,14.68116537201214,annualfractionnoflow,National,4
pet_mm_amj.previous,14.550726461127024,annualfractionnoflow,National,4
T_max_c_cy.previous,16.164284112537256,annualfractionnoflow,National,4
T_max_c_jas.previous,18.22689755346379,annualfractionnoflow,National,4
T_max_c_ond.previous,15.866054385304128,annualfractionnoflow,National,4
T_max_c_jfm.previous,14.980312336135515,annualfractionnoflow,National,4
T_max_c_amj.previous,14.81051003045163,annualfractionnoflow,National,4
swe_mm_cy.previous,12.504342858199369,annualfractionnoflow,National,4
swe_mm_jas.previous,1.6295860140891152,annualfractionnoflow,National,4
swe_mm_ond.previous,15.00375720805754,annualfractionnoflow,National,4
swe_mm_jfm.previous,11.928861303023291,annualfractionnoflow,National,4
swe_mm_amj.previous,11.285059987934398,annualfractionnoflow,National,4
p.pet_cy.previous,28.55776501906413,annualfractionnoflow,National,4
swe.p_cy.previous,15.91447405375455,annualfractionnoflow,National,4
p.pet_jfm.previous,16.4859625084092,annualfractionnoflow,National,4
swe.p_jfm.previous,15.902364634491642,annualfractionnoflow,National,4
p.pet_amj.previous,10.851773648279769,annualfractionnoflow,National,4
swe.p_amj.previous,12.484834376692621,annualfractionnoflow,National,4
p.pet_jas.previous,16.466730031192267,annualfractionnoflow,National,4
swe.p_jas.previous,3.347764277226768,annualfractionnoflow,National,4
p.pet_ond.previous,14.186249469858875,annualfractionnoflow,National,4
swe.p_ond.previous,12.608468141304595,annualfractionnoflow,National,4
dams_n,18.615097514388832,annualfractionnoflow,National,4
maxstorage_af,22.152708901921763,annualfractionnoflow,National,4
normstorage_af,21.330813292716023,annualfractionnoflow,National,4
majordams_n,21.91098422615166,annualfractionnoflow,National,4
wuse_mm,31.786993658851152,annualfractionnoflow,National,4
irrig_prc,32.52626033715548,annualfractionnoflow,National,4
lulc_water_prc,29.096177063099077,annualfractionnoflow,National,4
lulc_dev_prc,33.29556184551524,annualfractionnoflow,National,4
lulc_wetland_prc,36.29020025698067,annualfractionnoflow,National,4
lulc_forest_prc,33.57869001167665,annualfractionnoflow,National,4
lulc_barren_prc,33.888998228867074,annualfractionnoflow,National,4
lulc_grass_prc,45.610056498657706,annualfractionnoflow,National,4
lulc_ag_prc,32.14389057190933,annualfractionnoflow,National,4
drain_sqkm,40.895540939532296,annualfractionnoflow,National,4
elev_mean_m_basin,27.330371953131532,annualfractionnoflow,National,4
slope_pct,30.352966978381247,annualfractionnoflow,National,4
awcave,20.96322193284531,annualfractionnoflow,National,4
permave,45.32443289599712,annualfractionnoflow,National,4
topwet,27.529853950352347,annualfractionnoflow,National,4
depth_bedrock_m,31.08653800062226,annualfractionnoflow,National,4
porosity,27.70727710168798,annualfractionnoflow,National,4
storage_m,27.329216961933373,annualfractionnoflow,National,4
clayave,35.00039428470542,annualfractionnoflow,National,4
siltave,37.89454315192662,annualfractionnoflow,National,4
sandave,37.96658101645713,annualfractionnoflow,National,4
p_mm_cy,19.605295229382858,annualfractionnoflow,National,5
p_mm_jas,20.922018764699274,annualfractionnoflow,National,5
p_mm_ond,19.195024143880897,annualfractionnoflow,National,5
p_mm_jfm,16.433937213869065,annualfractionnoflow,National,5
p_mm_amj,14.779974129596017,annualfractionnoflow,National,5
pet_mm_cy,16.445803917382886,annualfractionnoflow,National,5
pet_mm_jas,20.28346137067464,annualfractionnoflow,National,5
pet_mm_ond,13.510004474393595,annualfractionnoflow,National,5
pet_mm_jfm,14.990378486996686,annualfractionnoflow,National,5
pet_mm_amj,22.54196954024135,annualfractionnoflow,National,5
T_max_c_cy,19.706239513779312,annualfractionnoflow,National,5
T_max_c_jas,18.607986079203346,annualfractionnoflow,National,5
T_max_c_ond,20.543565341819576,annualfractionnoflow,National,5
T_max_c_jfm,16.31588456591897,annualfractionnoflow,National,5
T_max_c_amj,18.068264305957737,annualfractionnoflow,National,5
swe_mm_cy,10.905531721849632,annualfractionnoflow,National,5
swe_mm_jas,4.183252626212322,annualfractionnoflow,National,5
swe_mm_ond,15.131300683018281,annualfractionnoflow,National,5
swe_mm_jfm,10.735937301811303,annualfractionnoflow,National,5
swe_mm_amj,9.58120499203318,annualfractionnoflow,National,5
p.pet_cy,19.534088165958266,annualfractionnoflow,National,5
swe.p_cy,14.414141850060808,annualfractionnoflow,National,5
p.pet_jfm,17.09499653905104,annualfractionnoflow,National,5
swe.p_jfm,16.049509808132314,annualfractionnoflow,National,5
p.pet_amj,23.54601966396817,annualfractionnoflow,National,5
swe.p_amj,9.963716393434716,annualfractionnoflow,National,5
p.pet_jas,24.369857800630175,annualfractionnoflow,National,5
swe.p_jas,5.4664347881056505,annualfractionnoflow,National,5
p.pet_ond,17.83331048637615,annualfractionnoflow,National,5
swe.p_ond,16.59822175586447,annualfractionnoflow,National,5
p_mm_cy.previous,19.84880006995457,annualfractionnoflow,National,5
p_mm_jas.previous,13.423816670950824,annualfractionnoflow,National,5
p_mm_ond.previous,16.97292761901093,annualfractionnoflow,National,5
p_mm_jfm.previous,18.819928768876395,annualfractionnoflow,National,5
p_mm_amj.previous,12.890725676305813,annualfractionnoflow,National,5
pet_mm_cy.previous,15.048383553535974,annualfractionnoflow,National,5
pet_mm_jas.previous,19.877916618150252,annualfractionnoflow,National,5
pet_mm_ond.previous,14.364966641810232,annualfractionnoflow,National,5
pet_mm_jfm.previous,14.86337146541359,annualfractionnoflow,National,5
pet_mm_amj.previous,14.523423403143308,annualfractionnoflow,National,5
T_max_c_cy.previous,18.755838609165423,annualfractionnoflow,National,5
T_max_c_jas.previous,16.123870129057114,annualfractionnoflow,National,5
T_max_c_ond.previous,19.40587074271348,annualfractionnoflow,National,5
T_max_c_jfm.previous,17.98583768683012,annualfractionnoflow,National,5
T_max_c_amj.previous,14.986208326631525,annualfractionnoflow,National,5
swe_mm_cy.previous,15.75124931435606,annualfractionnoflow,National,5
swe_mm_jas.previous,4.071307685889809,annualfractionnoflow,National,5
swe_mm_ond.previous,14.361696269028132,annualfractionnoflow,National,5
swe_mm_jfm.previous,13.009230698199787,annualfractionnoflow,National,5
swe_mm_amj.previous,13.103800139983196,annualfractionnoflow,National,5
p.pet_cy.previous,24.32182226418908,annualfractionnoflow,National,5
swe.p_cy.previous,14.906532504045975,annualfractionnoflow,National,5
p.pet_jfm.previous,19.36293531696985,annualfractionnoflow,National,5
swe.p_jfm.previous,16.484172915162485,annualfractionnoflow,National,5
p.pet_amj.previous,9.571767401720402,annualfractionnoflow,National,5
swe.p_amj.previous,12.17383333884418,annualfractionnoflow,National,5
p.pet_jas.previous,13.09162826416798,annualfractionnoflow,National,5
swe.p_jas.previous,3.6613900755124176,annualfractionnoflow,National,5
p.pet_ond.previous,14.399186094854622,annualfractionnoflow,National,5
swe.p_ond.previous,15.645079409432828,annualfractionnoflow,National,5
dams_n,20.968798946822947,annualfractionnoflow,National,5
maxstorage_af,26.862126308961226,annualfractionnoflow,National,5
normstorage_af,30.6695700729761,annualfractionnoflow,National,5
majordams_n,24.664379245009457,annualfractionnoflow,National,5
wuse_mm,34.54288512945726,annualfractionnoflow,National,5
irrig_prc,29.845860709491237,annualfractionnoflow,National,5
lulc_water_prc,29.85684427404096,annualfractionnoflow,National,5
lulc_dev_prc,36.38594626441218,annualfractionnoflow,National,5
lulc_wetland_prc,34.30334765405946,annualfractionnoflow,National,5
lulc_forest_prc,30.992270824797583,annualfractionnoflow,National,5
lulc_barren_prc,36.41664825281122,annualfractionnoflow,National,5
lulc_grass_prc,46.771446296967504,annualfractionnoflow,National,5
lulc_ag_prc,26.290214847224338,annualfractionnoflow,National,5
drain_sqkm,41.37753961908528,annualfractionnoflow,National,5
elev_mean_m_basin,32.230021146822104,annualfractionnoflow,National,5
slope_pct,25.398900699995913,annualfractionnoflow,National,5
awcave,21.24631858737955,annualfractionnoflow,National,5
permave,42.59330962297954,annualfractionnoflow,National,5
topwet,25.927234318071463,annualfractionnoflow,National,5
depth_bedrock_m,27.149449115397193,annualfractionnoflow,National,5
porosity,24.906508634782046,annualfractionnoflow,National,5
storage_m,23.93216574737884,annualfractionnoflow,National,5
clayave,31.180354801998057,annualfractionnoflow,National,5
siltave,33.12011856467311,annualfractionnoflow,National,5
sandave,35.01806915744714,annualfractionnoflow,National,5
p_mm_cy,23.123037710832943,annualfractionnoflow,National,6
p_mm_jas,20.57742473469394,annualfractionnoflow,National,6
p_mm_ond,18.830731962196385,annualfractionnoflow,National,6
p_mm_jfm,15.112638626476723,annualfractionnoflow,National,6
p_mm_amj,15.77178320946706,annualfractionnoflow,National,6
pet_mm_cy,19.108185590933246,annualfractionnoflow,National,6
pet_mm_jas,15.12769375439912,annualfractionnoflow,National,6
pet_mm_ond,14.012499121999845,annualfractionnoflow,National,6
pet_mm_jfm,14.024988383798268,annualfractionnoflow,National,6
pet_mm_amj,21.583067636670545,annualfractionnoflow,National,6
T_max_c_cy,18.947041626017057,annualfractionnoflow,National,6
T_max_c_jas,21.412145995381522,annualfractionnoflow,National,6
T_max_c_ond,19.11650252314734,annualfractionnoflow,National,6
T_max_c_jfm,16.595540236900554,annualfractionnoflow,National,6
T_max_c_amj,17.86843708980229,annualfractionnoflow,National,6
swe_mm_cy,18.69636842193895,annualfractionnoflow,National,6
swe_mm_jas,2.8994325903975273,annualfractionnoflow,National,6
swe_mm_ond,19.059273344292443,annualfractionnoflow,National,6
swe_mm_jfm,19.702802548055182,annualfractionnoflow,National,6
swe_mm_amj,13.678829462841378,annualfractionnoflow,National,6
p.pet_cy,17.95233256531184,annualfractionnoflow,National,6
swe.p_cy,16.525141676486435,annualfractionnoflow,National,6
p.pet_jfm,18.072378159030688,annualfractionnoflow,National,6
swe.p_jfm,15.931334137653755,annualfractionnoflow,National,6
p.pet_amj,22.28535691582978,annualfractionnoflow,National,6
swe.p_amj,10.83923940702689,annualfractionnoflow,National,6
p.pet_jas,22.8394991741052,annualfractionnoflow,National,6
swe.p_jas,3.1299583886813465,annualfractionnoflow,National,6
p.pet_ond,20.575369632545364,annualfractionnoflow,National,6
swe.p_ond,19.682540409558978,annualfractionnoflow,National,6
p_mm_cy.previous,24.341080360255248,annualfractionnoflow,National,6
p_mm_jas.previous,16.57147263369129,annualfractionnoflow,National,6
p_mm_ond.previous,21.304554957269673,annualfractionnoflow,National,6
p_mm_jfm.previous,19.318734749051295,annualfractionnoflow,National,6
p_mm_amj.previous,10.227052486985968,annualfractionnoflow,National,6
pet_mm_cy.previous,15.378444806320708,annualfractionnoflow,National,6
pet_mm_jas.previous,16.340609021020853,annualfractionnoflow,National,6
pet_mm_ond.previous,13.586638544955695,annualfractionnoflow,National,6
pet_mm_jfm.previous,15.198467870811205,annualfractionnoflow,National,6
pet_mm_amj.previous,14.292238041033434,annualfractionnoflow,National,6
T_max_c_cy.previous,16.44547165400415,annualfractionnoflow,National,6
T_max_c_jas.previous,18.979499030019067,annualfractionnoflow,National,6
T_max_c_ond.previous,18.01177910901939,annualfractionnoflow,National,6
T_max_c_jfm.previous,18.237695134499845,annualfractionnoflow,National,6
T_max_c_amj.previous,14.985266425998113,annualfractionnoflow,National,6
swe_mm_cy.previous,17.852003543677075,annualfractionnoflow,National,6
swe_mm_jas.previous,2.1425048216740863,annualfractionnoflow,National,6
swe_mm_ond.previous,18.47216562532392,annualfractionnoflow,National,6
swe_mm_jfm.previous,17.296665096777172,annualfractionnoflow,National,6
swe_mm_amj.previous,14.190690435953922,annualfractionnoflow,National,6
p.pet_cy.previous,26.546711380153535,annualfractionnoflow,National,6
swe.p_cy.previous,18.753516033890328,annualfractionnoflow,National,6
p.pet_jfm.previous,19.21133163404691,annualfractionnoflow,National,6
swe.p_jfm.previous,17.377661716950207,annualfractionnoflow,National,6
p.pet_amj.previous,9.26712178769283,annualfractionnoflow,National,6
swe.p_amj.previous,13.908908931237065,annualfractionnoflow,National,6
p.pet_jas.previous,14.431496087410766,annualfractionnoflow,National,6
swe.p_jas.previous,1.3312983988810911,annualfractionnoflow,National,6
p.pet_ond.previous,18.62894712069772,annualfractionnoflow,National,6
swe.p_ond.previous,19.43427402102534,annualfractionnoflow,National,6
dams_n,21.752613434594366,annualfractionnoflow,National,6
maxstorage_af,25.20569567778995,annualfractionnoflow,National,6
normstorage_af,26.961058443950318,annualfractionnoflow,National,6
majordams_n,18.081669689365462,annualfractionnoflow,National,6
wuse_mm,36.668401294701134,annualfractionnoflow,National,6
irrig_prc,31.966615982857906,annualfractionnoflow,National,6
lulc_water_prc,25.838184976899885,annualfractionnoflow,National,6
lulc_dev_prc,30.194047674300638,annualfractionnoflow,National,6
lulc_wetland_prc,29.79054506183223,annualfractionnoflow,National,6
lulc_forest_prc,29.765212557025478,annualfractionnoflow,National,6
lulc_barren_prc,32.52490532994915,annualfractionnoflow,National,6
lulc_grass_prc,40.49228077254938,annualfractionnoflow,National,6
lulc_ag_prc,30.720756264736746,annualfractionnoflow,National,6
drain_sqkm,39.32871529906714,annualfractionnoflow,National,6
elev_mean_m_basin,29.218798307889816,annualfractionnoflow,National,6
slope_pct,28.916922072445395,annualfractionnoflow,National,6
awcave,25.01093657981333,annualfractionnoflow,National,6
permave,40.007610737918526,annualfractionnoflow,National,6
topwet,20.743869240334735,annualfractionnoflow,National,6
depth_bedrock_m,23.58468585339548,annualfractionnoflow,National,6
porosity,26.73598214740858,annualfractionnoflow,National,6
storage_m,26.337684472039662,annualfractionnoflow,National,6
clayave,34.78798614794259,annualfractionnoflow,National,6
siltave,34.7051254386067,annualfractionnoflow,National,6
sandave,36.937537765227844,annualfractionnoflow,National,6
p_mm_cy,21.299157142075792,annualfractionnoflow,National,7
p_mm_jas,18.24485219305527,annualfractionnoflow,National,7
p_mm_ond,19.248987215111956,annualfractionnoflow,National,7
p_mm_jfm,16.093691239683412,annualfractionnoflow,National,7
p_mm_amj,14.562616077500458,annualfractionnoflow,National,7
pet_mm_cy,14.816293172405308,annualfractionnoflow,National,7
pet_mm_jas,18.402481447075047,annualfractionnoflow,National,7
pet_mm_ond,11.870887960599838,annualfractionnoflow,National,7
pet_mm_jfm,14.81611919289536,annualfractionnoflow,National,7
pet_mm_amj,24.963510186139704,annualfractionnoflow,National,7
T_max_c_cy,15.476158174908475,annualfractionnoflow,National,7
T_max_c_jas,19.396651733767953,annualfractionnoflow,National,7
T_max_c_ond,15.140439296877142,annualfractionnoflow,National,7
T_max_c_jfm,13.59309176282132,annualfractionnoflow,National,7
T_max_c_amj,17.32892578962614,annualfractionnoflow,National,7
swe_mm_cy,12.502501560291885,annualfractionnoflow,National,7
swe_mm_jas,2.2053616178979882,annualfractionnoflow,National,7
swe_mm_ond,16.392899719883893,annualfractionnoflow,National,7
swe_mm_jfm,16.08595900659928,annualfractionnoflow,National,7
swe_mm_amj,7.982226878909656,annualfractionnoflow,National,7
p.pet_cy,19.731556321119257,annualfractionnoflow,National,7
swe.p_cy,16.54327554053701,annualfractionnoflow,National,7
p.pet_jfm,16.94522030636281,annualfractionnoflow,National,7
swe.p_jfm,15.573199246793347,annualfractionnoflow,National,7
p.pet_amj,18.774410963699676,annualfractionnoflow,National,7
swe.p_amj,8.771781049022291,annualfractionnoflow,National,7
p.pet_jas,22.91098920034605,annualfractionnoflow,National,7
swe.p_jas,4.202436351210777,annualfractionnoflow,National,7
p.pet_ond,21.04503860612044,annualfractionnoflow,National,7
swe.p_ond,17.050221202038646,annualfractionnoflow,National,7
p_mm_cy.previous,23.449823968734037,annualfractionnoflow,National,7
p_mm_jas.previous,15.725812894842516,annualfractionnoflow,National,7
p_mm_ond.previous,17.237092782115884,annualfractionnoflow,National,7
p_mm_jfm.previous,16.362792325294105,annualfractionnoflow,National,7
p_mm_amj.previous,11.798958837221125,annualfractionnoflow,National,7
pet_mm_cy.previous,12.223890667132272,annualfractionnoflow,National,7
pet_mm_jas.previous,20.87804113044167,annualfractionnoflow,National,7
pet_mm_ond.previous,11.49438651228155,annualfractionnoflow,National,7
pet_mm_jfm.previous,16.00261678444363,annualfractionnoflow,National,7
pet_mm_amj.previous,14.255601943176208,annualfractionnoflow,National,7
T_max_c_cy.previous,16.760669622172035,annualfractionnoflow,National,7
T_max_c_jas.previous,19.65042472001749,annualfractionnoflow,National,7
T_max_c_ond.previous,16.47016711072604,annualfractionnoflow,National,7
T_max_c_jfm.previous,15.493331227903901,annualfractionnoflow,National,7
T_max_c_amj.previous,16.245400465936296,annualfractionnoflow,National,7
swe_mm_cy.previous,17.061134749030046,annualfractionnoflow,National,7
swe_mm_jas.previous,1.4684758484389087,annualfractionnoflow,National,7
swe_mm_ond.previous,15.223627869284853,annualfractionnoflow,National,7
swe_mm_jfm.previous,12.784148404940261,annualfractionnoflow,National,7
swe_mm_amj.previous,9.038390835759179,annualfractionnoflow,National,7
p.pet_cy.previous,28.074490542133706,annualfractionnoflow,National,7
swe.p_cy.previous,17.040332287773367,annualfractionnoflow,National,7
p.pet_jfm.previous,18.301142124169576,annualfractionnoflow,National,7
swe.p_jfm.previous,16.704768574944428,annualfractionnoflow,National,7
p.pet_amj.previous,9.94945858066083,annualfractionnoflow,National,7
swe.p_amj.previous,11.139033379850156,annualfractionnoflow,National,7
p.pet_jas.previous,14.167640320949676,annualfractionnoflow,National,7
swe.p_jas.previous,4.555664668796272,annualfractionnoflow,National,7
p.pet_ond.previous,18.213341806224893,annualfractionnoflow,National,7
swe.p_ond.previous,15.208429871173216,annualfractionnoflow,National,7
dams_n,18.806499760727668,annualfractionnoflow,National,7
maxstorage_af,24.257281211921672,annualfractionnoflow,National,7
normstorage_af,23.626495803752366,annualfractionnoflow,National,7
majordams_n,18.705709746460016,annualfractionnoflow,National,7
wuse_mm,35.63575392871913,annualfractionnoflow,National,7
irrig_prc,32.474324131652835,annualfractionnoflow,National,7
lulc_water_prc,29.47515208326768,annualfractionnoflow,National,7
lulc_dev_prc,33.191638139955174,annualfractionnoflow,National,7
lulc_wetland_prc,31.39534745540706,annualfractionnoflow,National,7
lulc_forest_prc,28.74901351175623,annualfractionnoflow,National,7
lulc_barren_prc,34.25444001363021,annualfractionnoflow,National,7
lulc_grass_prc,38.59038955428769,annualfractionnoflow,National,7
lulc_ag_prc,27.77323961970236,annualfractionnoflow,National,7
drain_sqkm,47.34717835264442,annualfractionnoflow,National,7
elev_mean_m_basin,28.093328692735092,annualfractionnoflow,National,7
slope_pct,27.398264638013906,annualfractionnoflow,National,7
awcave,22.395872194767527,annualfractionnoflow,National,7
permave,37.58794204361942,annualfractionnoflow,National,7
topwet,23.01296418960887,annualfractionnoflow,National,7
depth_bedrock_m,28.455499190702806,annualfractionnoflow,National,7
porosity,32.468709680452086,annualfractionnoflow,National,7
storage_m,23.90998877893686,annualfractionnoflow,National,7
clayave,31.11370206796953,annualfractionnoflow,National,7
siltave,35.17823670221681,annualfractionnoflow,National,7
sandave,33.30145624062289,annualfractionnoflow,National,7
p_mm_cy,21.256495485101443,annualfractionnoflow,National,8
p_mm_jas,20.476827773693955,annualfractionnoflow,National,8
p_mm_ond,20.294747681412012,annualfractionnoflow,National,8
p_mm_jfm,17.489787334965737,annualfractionnoflow,National,8
p_mm_amj,16.728698392275007,annualfractionnoflow,National,8
pet_mm_cy,16.091149278862357,annualfractionnoflow,National,8
pet_mm_jas,14.861226398260666,annualfractionnoflow,National,8
pet_mm_ond,13.664123769568905,annualfractionnoflow,National,8
pet_mm_jfm,16.737558988910948,annualfractionnoflow,National,8
pet_mm_amj,27.037239764630463,annualfractionnoflow,National,8
T_max_c_cy,15.627513626078631,annualfractionnoflow,National,8
T_max_c_jas,18.97402384569874,annualfractionnoflow,National,8
T_max_c_ond,16.07097183316333,annualfractionnoflow,National,8
T_max_c_jfm,15.682574325964765,annualfractionnoflow,National,8
T_max_c_amj,17.364668793981878,annualfractionnoflow,National,8
swe_mm_cy,16.10560876557883,annualfractionnoflow,National,8
swe_mm_jas,3.792266552070005,annualfractionnoflow,National,8
swe_mm_ond,15.762145667228761,annualfractionnoflow,National,8
swe_mm_jfm,15.404957682901532,annualfractionnoflow,National,8
swe_mm_amj,11.310199738633884,annualfractionnoflow,National,8
p.pet_cy,18.436874670697907,annualfractionnoflow,National,8
swe.p_cy,14.605674253975733,annualfractionnoflow,National,8
p.pet_jfm,17.020636236125984,annualfractionnoflow,National,8
swe.p_jfm,19.097604983513534,annualfractionnoflow,National,8
p.pet_amj,19.893766355979235,annualfractionnoflow,National,8
swe.p_amj,11.034624330100062,annualfractionnoflow,National,8
p.pet_jas,23.394852520983715,annualfractionnoflow,National,8
swe.p_jas,3.100852925345021,annualfractionnoflow,National,8
p.pet_ond,18.842642639748696,annualfractionnoflow,National,8
swe.p_ond,17.23357624938713,annualfractionnoflow,National,8
p_mm_cy.previous,24.934422692731182,annualfractionnoflow,National,8
p_mm_jas.previous,14.126125042424885,annualfractionnoflow,National,8
p_mm_ond.previous,19.322367344092953,annualfractionnoflow,National,8
p_mm_jfm.previous,17.52706175005212,annualfractionnoflow,National,8
p_mm_amj.previous,14.754706119599964,annualfractionnoflow,National,8
pet_mm_cy.previous,14.966418296310406,annualfractionnoflow,National,8
pet_mm_jas.previous,15.021324468829285,annualfractionnoflow,National,8
pet_mm_ond.previous,14.822658240112808,annualfractionnoflow,National,8
pet_mm_jfm.previous,15.054835198658107,annualfractionnoflow,National,8
pet_mm_amj.previous,11.233169200399617,annualfractionnoflow,National,8
T_max_c_cy.previous,16.490975038399533,annualfractionnoflow,National,8
T_max_c_jas.previous,20.160899005623847,annualfractionnoflow,National,8
T_max_c_ond.previous,19.57917651310215,annualfractionnoflow,National,8
T_max_c_jfm.previous,17.486057006155022,annualfractionnoflow,National,8
T_max_c_amj.previous,16.745271090351846,annualfractionnoflow,National,8
swe_mm_cy.previous,14.830632786095434,annualfractionnoflow,National,8
swe_mm_jas.previous,3.9037760685150547,annualfractionnoflow,National,8
swe_mm_ond.previous,15.164565886595916,annualfractionnoflow,National,8
swe_mm_jfm.previous,13.670757778714728,annualfractionnoflow,National,8
swe_mm_amj.previous,11.493155292004799,annualfractionnoflow,National,8
p.pet_cy.previous,25.19501561502537,annualfractionnoflow,National,8
swe.p_cy.previous,14.218312274936341,annualfractionnoflow,National,8
p.pet_jfm.previous,15.575243572105983,annualfractionnoflow,National,8
swe.p_jfm.previous,18.342029300558703,annualfractionnoflow,National,8
p.pet_amj.previous,12.966668542095979,annualfractionnoflow,National,8
swe.p_amj.previous,13.345513179665287,annualfractionnoflow,National,8
p.pet_jas.previous,16.284002108865902,annualfractionnoflow,National,8
swe.p_jas.previous,3.7289558372115597,annualfractionnoflow,National,8
p.pet_ond.previous,17.986092324784963,annualfractionnoflow,National,8
swe.p_ond.previous,17.246816662179633,annualfractionnoflow,National,8
dams_n,21.760681748494612,annualfractionnoflow,National,8
maxstorage_af,27.398935876424943,annualfractionnoflow,National,8
normstorage_af,28.27385621379272,annualfractionnoflow,National,8
majordams_n,19.225498702548478,annualfractionnoflow,National,8
wuse_mm,34.85090808277455,annualfractionnoflow,National,8
irrig_prc,30.059748497996328,annualfractionnoflow,National,8
lulc_water_prc,30.0453074081868,annualfractionnoflow,National,8
lulc_dev_prc,32.48450622911923,annualfractionnoflow,National,8
lulc_wetland_prc,31.132941792081084,annualfractionnoflow,National,8
lulc_forest_prc,35.923473285948326,annualfractionnoflow,National,8
lulc_barren_prc,34.57065520146837,annualfractionnoflow,National,8
lulc_grass_prc,45.18194472234067,annualfractionnoflow,National,8
lulc_ag_prc,30.689847528392203,annualfractionnoflow,National,8
drain_sqkm,39.50649245353665,annualfractionnoflow,National,8
elev_mean_m_basin,30.152901491348878,annualfractionnoflow,National,8
slope_pct,26.29857820305938,annualfractionnoflow,National,8
awcave,20.165720696673297,annualfractionnoflow,National,8
permave,40.22952354273378,annualfractionnoflow,National,8
topwet,27.72683776252214,annualfractionnoflow,National,8
depth_bedrock_m,25.779497984339336,annualfractionnoflow,National,8
porosity,25.1340909816905,annualfractionnoflow,National,8
storage_m,24.82979967714875,annualfractionnoflow,National,8
clayave,36.631620469736504,annualfractionnoflow,National,8
siltave,33.92172416899841,annualfractionnoflow,National,8
sandave,35.91373552610042,annualfractionnoflow,National,8
p_mm_cy,21.289960912999426,annualfractionnoflow,National,9
p_mm_jas,17.537232021302678,annualfractionnoflow,National,9
p_mm_ond,21.25609457882208,annualfractionnoflow,National,9
p_mm_jfm,18.22013534560895,annualfractionnoflow,National,9
p_mm_amj,16.53118083538015,annualfractionnoflow,National,9
pet_mm_cy,18.45612360238993,annualfractionnoflow,National,9
pet_mm_jas,18.427971813664637,annualfractionnoflow,National,9
pet_mm_ond,15.20911182714879,annualfractionnoflow,National,9
pet_mm_jfm,16.89740174661408,annualfractionnoflow,National,9
pet_mm_amj,21.280972618862886,annualfractionnoflow,National,9
T_max_c_cy,17.595660018465047,annualfractionnoflow,National,9
T_max_c_jas,19.87395610994631,annualfractionnoflow,National,9
T_max_c_ond,15.591306996876092,annualfractionnoflow,National,9
T_max_c_jfm,15.988594756565114,annualfractionnoflow,National,9
T_max_c_amj,18.366631959074233,annualfractionnoflow,National,9
swe_mm_cy,10.579651417932768,annualfractionnoflow,National,9
swe_mm_jas,2.424749463525524,annualfractionnoflow,National,9
swe_mm_ond,14.297293151569619,annualfractionnoflow,National,9
swe_mm_jfm,13.35638984048429,annualfractionnoflow,National,9
swe_mm_amj,10.616305355728077,annualfractionnoflow,National,9
p.pet_cy,19.41472147865895,annualfractionnoflow,National,9
swe.p_cy,16.873510492074278,annualfractionnoflow,National,9
p.pet_jfm,18.825734459779145,annualfractionnoflow,National,9
swe.p_jfm,13.698234357849701,annualfractionnoflow,National,9
p.pet_amj,25.74127643302759,annualfractionnoflow,National,9
swe.p_amj,9.488577693072513,annualfractionnoflow,National,9
p.pet_jas,22.92588832319585,annualfractionnoflow,National,9
swe.p_jas,4.0081189296603785,annualfractionnoflow,National,9
p.pet_ond,20.613537206675407,annualfractionnoflow,National,9
swe.p_ond,15.429253252986335,annualfractionnoflow,National,9
p_mm_cy.previous,22.629298454771806,annualfractionnoflow,National,9
p_mm_jas.previous,15.210111892421185,annualfractionnoflow,National,9
p_mm_ond.previous,18.82358902907496,annualfractionnoflow,National,9
p_mm_jfm.previous,17.523656945881996,annualfractionnoflow,National,9
p_mm_amj.previous,12.342316113967588,annualfractionnoflow,National,9
pet_mm_cy.previous,14.54969203857242,annualfractionnoflow,National,9
pet_mm_jas.previous,19.716382049723816,annualfractionnoflow,National,9
pet_mm_ond.previous,12.087222373160706,annualfractionnoflow,National,9
pet_mm_jfm.previous,15.621463796280626,annualfractionnoflow,National,9
pet_mm_amj.previous,15.883120243142585,annualfractionnoflow,National,9
T_max_c_cy.previous,16.616112666334185,annualfractionnoflow,National,9
T_max_c_jas.previous,20.80184807815552,annualfractionnoflow,National,9
T_max_c_ond.previous,18.761072113083138,annualfractionnoflow,National,9
T_max_c_jfm.previous,18.720085733682957,annualfractionnoflow,National,9
T_max_c_amj.previous,17.562069318600283,annualfractionnoflow,National,9
swe_mm_cy.previous,19.22899759245104,annualfractionnoflow,National,9
swe_mm_jas.previous,1.3716168907440762,annualfractionnoflow,National,9
swe_mm_ond.previous,14.170473374294183,annualfractionnoflow,National,9
swe_mm_jfm.previous,15.851796986198964,annualfractionnoflow,National,9
swe_mm_amj.previous,7.587498198758818,annualfractionnoflow,National,9
p.pet_cy.previous,24.206901725664228,annualfractionnoflow,National,9
swe.p_cy.previous,15.099768111735669,annualfractionnoflow,National,9
p.pet_jfm.previous,20.720027071372968,annualfractionnoflow,National,9
swe.p_jfm.previous,17.779514019973767,annualfractionnoflow,National,9
p.pet_amj.previous,10.726651929260903,annualfractionnoflow,National,9
swe.p_amj.previous,9.456278945002428,annualfractionnoflow,National,9
p.pet_jas.previous,15.071391333004433,annualfractionnoflow,National,9
swe.p_jas.previous,3.1021486820176185,annualfractionnoflow,National,9
p.pet_ond.previous,17.010264079946953,annualfractionnoflow,National,9
swe.p_ond.previous,15.098074863010975,annualfractionnoflow,National,9
dams_n,19.949159337045884,annualfractionnoflow,National,9
maxstorage_af,24.126135945206066,annualfractionnoflow,National,9
normstorage_af,24.869560585506754,annualfractionnoflow,National,9
majordams_n,18.234789446480384,annualfractionnoflow,National,9
wuse_mm,37.57418139455505,annualfractionnoflow,National,9
irrig_prc,33.7496748033057,annualfractionnoflow,National,9
lulc_water_prc,30.549729663832355,annualfractionnoflow,National,9
lulc_dev_prc,35.37843146773015,annualfractionnoflow,National,9
lulc_wetland_prc,31.615619491597304,annualfractionnoflow,National,9
lulc_forest_prc,30.96846430448538,annualfractionnoflow,National,9
lulc_barren_prc,36.40252594795672,annualfractionnoflow,National,9
lulc_grass_prc,37.739459973656245,annualfractionnoflow,National,9
lulc_ag_prc,29.14039898417578,annualfractionnoflow,National,9
drain_sqkm,44.50262151578927,annualfractionnoflow,National,9
elev_mean_m_basin,31.533963473581313,annualfractionnoflow,National,9
slope_pct,28.0094386635081,annualfractionnoflow,National,9
awcave,23.313129573714058,annualfractionnoflow,National,9
permave,39.07522387845196,annualfractionnoflow,National,9
topwet,23.93984079309787,annualfractionnoflow,National,9
depth_bedrock_m,22.427107493916132,annualfractionnoflow,National,9
porosity,27.245989827675775,annualfractionnoflow,National,9
storage_m,26.571736499893806,annualfractionnoflow,National,9
clayave,36.19406489939834,annualfractionnoflow,National,9
siltave,35.59667862978046,annualfractionnoflow,National,9
sandave,38.816301700140905,annualfractionnoflow,National,9
p_mm_cy,21.127860322587555,annualfractionnoflow,National,10
p_mm_jas,19.64566935393587,annualfractionnoflow,National,10
p_mm_ond,22.35670436379724,annualfractionnoflow,National,10
p_mm_jfm,18.128318449175453,annualfractionnoflow,National,10
p_mm_amj,16.396084168749297,annualfractionnoflow,National,10
pet_mm_cy,15.787515772018336,annualfractionnoflow,National,10
pet_mm_jas,17.618604150936076,annualfractionnoflow,National,10
pet_mm_ond,13.896611100070684,annualfractionnoflow,National,10
pet_mm_jfm,15.854818770823956,annualfractionnoflow,National,10
pet_mm_amj,22.327747193594117,annualfractionnoflow,National,10
T_max_c_cy,17.953234047080347,annualfractionnoflow,National,10
T_max_c_jas,20.143676100970616,annualfractionnoflow,National,10
T_max_c_ond,17.76197486244069,annualfractionnoflow,National,10
T_max_c_jfm,17.780277934535448,annualfractionnoflow,National,10
T_max_c_amj,18.382408392582025,annualfractionnoflow,National,10
swe_mm_cy,13.773207827901315,annualfractionnoflow,National,10
swe_mm_jas,3.038633226365052,annualfractionnoflow,National,10
swe_mm_ond,15.411992989372164,annualfractionnoflow,National,10
swe_mm_jfm,15.37673467225315,annualfractionnoflow,National,10
swe_mm_amj,9.093284651199657,annualfractionnoflow,National,10
p.pet_cy,18.69007169539633,annualfractionnoflow,National,10
swe.p_cy,16.39621543367405,annualfractionnoflow,National,10
p.pet_jfm,18.2775453211242,annualfractionnoflow,National,10
swe.p_jfm,11.955695099034077,annualfractionnoflow,National,10
p.pet_amj,24.229215365135428,annualfractionnoflow,National,10
swe.p_amj,9.222659223884007,annualfractionnoflow,National,10
p.pet_jas,21.902612244157712,annualfractionnoflow,National,10
swe.p_jas,3.8600843554365585,annualfractionnoflow,National,10
p.pet_ond,18.306007038441802,annualfractionnoflow,National,10
swe.p_ond,14.32831134779757,annualfractionnoflow,National,10
p_mm_cy.previous,21.734903921991535,annualfractionnoflow,National,10
p_mm_jas.previous,15.916169070934176,annualfractionnoflow,National,10
p_mm_ond.previous,18.618581588789887,annualfractionnoflow,National,10
p_mm_jfm.previous,19.403957552553717,annualfractionnoflow,National,10
p_mm_amj.previous,9.298178093668053,annualfractionnoflow,National,10
pet_mm_cy.previous,12.992963199335545,annualfractionnoflow,National,10
pet_mm_jas.previous,21.241471302837407,annualfractionnoflow,National,10
pet_mm_ond.previous,13.598258143532416,annualfractionnoflow,National,10
pet_mm_jfm.previous,14.834213683229022,annualfractionnoflow,National,10
pet_mm_amj.previous,15.128369449748815,annualfractionnoflow,National,10
T_max_c_cy.previous,17.154976344582582,annualfractionnoflow,National,10
T_max_c_jas.previous,21.17837101065551,annualfractionnoflow,National,10
T_max_c_ond.previous,15.489657378769323,annualfractionnoflow,National,10
T_max_c_jfm.previous,16.537801255671887,annualfractionnoflow,National,10
T_max_c_amj.previous,15.841773912140443,annualfractionnoflow,National,10
swe_mm_cy.previous,14.13119335115445,annualfractionnoflow,National,10
swe_mm_jas.previous,2.274399216981097,annualfractionnoflow,National,10
swe_mm_ond.previous,11.929486102898421,annualfractionnoflow,National,10
swe_mm_jfm.previous,13.732568992072537,annualfractionnoflow,National,10
swe_mm_amj.previous,9.118614123410557,annualfractionnoflow,National,10
p.pet_cy.previous,25.484666177996864,annualfractionnoflow,National,10
swe.p_cy.previous,17.921239473485034,annualfractionnoflow,National,10
p.pet_jfm.previous,15.567032082333053,annualfractionnoflow,National,10
swe.p_jfm.previous,16.781051408729912,annualfractionnoflow,National,10
p.pet_amj.previous,9.289140594689338,annualfractionnoflow,National,10
swe.p_amj.previous,8.326334190580585,annualfractionnoflow,National,10
p.pet_jas.previous,14.550691116468528,annualfractionnoflow,National,10
swe.p_jas.previous,2.9646310974773575,annualfractionnoflow,National,10
p.pet_ond.previous,15.439100356752153,annualfractionnoflow,National,10
swe.p_ond.previous,12.053937927680504,annualfractionnoflow,National,10
dams_n,24.279227909335876,annualfractionnoflow,National,10
maxstorage_af,22.058744004103932,annualfractionnoflow,National,10
normstorage_af,28.8284123008027,annualfractionnoflow,National,10
majordams_n,25.298355156302183,annualfractionnoflow,National,10
wuse_mm,34.566389710909895,annualfractionnoflow,National,10
irrig_prc,30.942124168659287,annualfractionnoflow,National,10
lulc_water_prc,27.18864473184892,annualfractionnoflow,National,10
lulc_dev_prc,32.40062220363068,annualfractionnoflow,National,10
lulc_wetland_prc,35.68892047567571,annualfractionnoflow,National,10
lulc_forest_prc,32.73206521898012,annualfractionnoflow,National,10
lulc_barren_prc,38.9405401674592,annualfractionnoflow,National,10
lulc_grass_prc,40.399434529894016,annualfractionnoflow,National,10
lulc_ag_prc,29.827102401838328,annualfractionnoflow,National,10
drain_sqkm,40.65668158729612,annualfractionnoflow,National,10
elev_mean_m_basin,33.623204087860216,annualfractionnoflow,National,10
slope_pct,31.370387613001242,annualfractionnoflow,National,10
awcave,28.79724243213814,annualfractionnoflow,National,10
permave,39.23967407132862,annualfractionnoflow,National,10
topwet,28.763901244692352,annualfractionnoflow,National,10
depth_bedrock_m,25.577868977863258,annualfractionnoflow,National,10
porosity,26.924897424604733,annualfractionnoflow,National,10
storage_m,24.673118864826016,annualfractionnoflow,National,10
clayave,37.240660814000556,annualfractionnoflow,National,10
siltave,35.019184514887634,annualfractionnoflow,National,10
sandave,35.71206677584466,annualfractionnoflow,National,10
p_mm_cy,19.12076811117667,annualfractionnoflow,National,11
p_mm_jas,17.65971903313962,annualfractionnoflow,National,11
p_mm_ond,19.45626505345228,annualfractionnoflow,National,11
p_mm_jfm,16.941753108510238,annualfractionnoflow,National,11
p_mm_amj,14.170632193686872,annualfractionnoflow,National,11
pet_mm_cy,15.996166934095,annualfractionnoflow,National,11
pet_mm_jas,21.767396911819578,annualfractionnoflow,National,11
pet_mm_ond,11.65154698896282,annualfractionnoflow,National,11
pet_mm_jfm,17.153474985708723,annualfractionnoflow,National,11
pet_mm_amj,20.864584625980818,annualfractionnoflow,National,11
T_max_c_cy,18.908900526711577,annualfractionnoflow,National,11
T_max_c_jas,20.27904762492309,annualfractionnoflow,National,11
T_max_c_ond,16.261755053034843,annualfractionnoflow,National,11
T_max_c_jfm,16.0172996168506,annualfractionnoflow,National,11
T_max_c_amj,18.449209204515153,annualfractionnoflow,National,11
swe_mm_cy,11.31379883664539,annualfractionnoflow,National,11
swe_mm_jas,4.664098015867922,annualfractionnoflow,National,11
swe_mm_ond,12.425554562532783,annualfractionnoflow,National,11
swe_mm_jfm,10.717952423945952,annualfractionnoflow,National,11
swe_mm_amj,13.912161616591366,annualfractionnoflow,National,11
p.pet_cy,19.26213497434349,annualfractionnoflow,National,11
swe.p_cy,13.242366199277996,annualfractionnoflow,National,11
p.pet_jfm,19.81959106058397,annualfractionnoflow,National,11
swe.p_jfm,15.96442668814736,annualfractionnoflow,National,11
p.pet_amj,20.34238018054039,annualfractionnoflow,National,11
swe.p_amj,7.924771851694349,annualfractionnoflow,National,11
p.pet_jas,21.87255547697474,annualfractionnoflow,National,11
swe.p_jas,4.4868184322769755,annualfractionnoflow,National,11
p.pet_ond,16.45278100542754,annualfractionnoflow,National,11
swe.p_ond,16.73706104325618,annualfractionnoflow,National,11
p_mm_cy.previous,19.049722811576125,annualfractionnoflow,National,11
p_mm_jas.previous,14.038526633618751,annualfractionnoflow,National,11
p_mm_ond.previous,18.46663372919861,annualfractionnoflow,National,11
p_mm_jfm.previous,19.446371575830682,annualfractionnoflow,National,11
p_mm_amj.previous,14.082811288110216,annualfractionnoflow,National,11
pet_mm_cy.previous,14.145297100765363,annualfractionnoflow,National,11
pet_mm_jas.previous,22.348517470572155,annualfractionnoflow,National,11
pet_mm_ond.previous,14.223822562853695,annualfractionnoflow,National,11
pet_mm_jfm.previous,15.341463318399915,annualfractionnoflow,National,11
pet_mm_amj.previous,14.425858714984697,annualfractionnoflow,National,11
T_max_c_cy.previous,18.693180611644397,annualfractionnoflow,National,11
T_max_c_jas.previous,21.27838546205885,annualfractionnoflow,National,11
T_max_c_ond.previous,15.880941895151524,annualfractionnoflow,National,11
T_max_c_jfm.previous,17.554315396010377,annualfractionnoflow,National,11
T_max_c_amj.previous,15.709794722695033,annualfractionnoflow,National,11
swe_mm_cy.previous,15.004239456673744,annualfractionnoflow,National,11
swe_mm_jas.previous,1.8298469467201648,annualfractionnoflow,National,11
swe_mm_ond.previous,13.022767661026315,annualfractionnoflow,National,11
swe_mm_jfm.previous,10.70466944066133,annualfractionnoflow,National,11
swe_mm_amj.previous,10.51480197758204,annualfractionnoflow,National,11
p.pet_cy.previous,28.189661215184405,annualfractionnoflow,National,11
swe.p_cy.previous,14.183137732876371,annualfractionnoflow,National,11
p.pet_jfm.previous,19.95459491493572,annualfractionnoflow,National,11
swe.p_jfm.previous,17.26146414224859,annualfractionnoflow,National,11
p.pet_amj.previous,8.62951793003901,annualfractionnoflow,National,11
swe.p_amj.previous,9.556997492744905,annualfractionnoflow,National,11
p.pet_jas.previous,16.886510618899617,annualfractionnoflow,National,11
swe.p_jas.previous,4.251227874423279,annualfractionnoflow,National,11
p.pet_ond.previous,18.81398018131077,annualfractionnoflow,National,11
swe.p_ond.previous,14.116287812320241,annualfractionnoflow,National,11
dams_n,18.855028299960047,annualfractionnoflow,National,11
maxstorage_af,24.274660688913983,annualfractionnoflow,National,11
normstorage_af,23.106737727150733,annualfractionnoflow,National,11
majordams_n,19.565131870313266,annualfractionnoflow,National,11
wuse_mm,36.194910900931205,annualfractionnoflow,National,11
irrig_prc,33.859857313134874,annualfractionnoflow,National,11
lulc_water_prc,34.368237166504926,annualfractionnoflow,National,11
lulc_dev_prc,33.74859149772544,annualfractionnoflow,National,11
lulc_wetland_prc,33.572506837867074,annualfractionnoflow,National,11
lulc_forest_prc,31.894599146309652,annualfractionnoflow,National,11
lulc_barren_prc,35.642064567759206,annualfractionnoflow,National,11
lulc_grass_prc,39.98212803884182,annualfractionnoflow,National,11
lulc_ag_prc,26.80378961982261,annualfractionnoflow,National,11
drain_sqkm,42.21376110605422,annualfractionnoflow,National,11
elev_mean_m_basin,27.156206750866282,annualfractionnoflow,National,11
slope_pct,29.17319963298832,annualfractionnoflow,National,11
awcave,25.631868613320187,annualfractionnoflow,National,11
permave,41.93191417727224,annualfractionnoflow,National,11
topwet,23.62988554969855,annualfractionnoflow,National,11
depth_bedrock_m,28.008523086153726,annualfractionnoflow,National,11
porosity,24.945305441885196,annualfractionnoflow,National,11
storage_m,26.4957003982843,annualfractionnoflow,National,11
clayave,34.863073466090036,annualfractionnoflow,National,11
siltave,34.71536957702773,annualfractionnoflow,National,11
sandave,35.76919486095003,annualfractionnoflow,National,11
p_mm_cy,20.993182106508442,annualfractionnoflow,National,12
p_mm_jas,19.02202191539889,annualfractionnoflow,National,12
p_mm_ond,19.96048450522445,annualfractionnoflow,National,12
p_mm_jfm,16.803094174429997,annualfractionnoflow,National,12
p_mm_amj,12.894812887856856,annualfractionnoflow,National,12
pet_mm_cy,19.126500533045874,annualfractionnoflow,National,12
pet_mm_jas,19.967578225006793,annualfractionnoflow,National,12
pet_mm_ond,14.180333690877234,annualfractionnoflow,National,12
pet_mm_jfm,17.803413440436064,annualfractionnoflow,National,12
pet_mm_amj,21.539233570282217,annualfractionnoflow,National,12
T_max_c_cy,18.33660749824253,annualfractionnoflow,National,12
T_max_c_jas,18.619828037022472,annualfractionnoflow,National,12
T_max_c_ond,18.875663766168774,annualfractionnoflow,National,12
T_max_c_jfm,16.261203524044724,annualfractionnoflow,National,12
T_max_c_amj,18.76621536990105,annualfractionnoflow,National,12
swe_mm_cy,13.690513488882843,annualfractionnoflow,National,12
swe_mm_jas,4.139708050761335,annualfractionnoflow,National,12
swe_mm_ond,17.887122062313523,annualfractionnoflow,National,12
swe_mm_jfm,15.397521827251696,annualfractionnoflow,National,12
swe_mm_amj,12.863676694216869,annualfractionnoflow,National,12
p.pet_cy,20.231782192598185,annualfractionnoflow,National,12
swe.p_cy,15.014327648504153,annualfractionnoflow,National,12
p.pet_jfm,19.041328027306967,annualfractionnoflow,National,12
swe.p_jfm,12.713230872500729,annualfractionnoflow,National,12
p.pet_amj,20.53401550397838,annualfractionnoflow,National,12
swe.p_amj,7.526710399809893,annualfractionnoflow,National,12
p.pet_jas,21.729503915642393,annualfractionnoflow,National,12
swe.p_jas,4.620757404729806,annualfractionnoflow,National,12
p.pet_ond,20.746482658345336,annualfractionnoflow,National,12
swe.p_ond,16.9323321446602,annualfractionnoflow,National,12
p_mm_cy.previous,21.15758324744373,annualfractionnoflow,National,12
p_mm_jas.previous,14.094259931607642,annualfractionnoflow,National,12
p_mm_ond.previous,18.106284560381116,annualfractionnoflow,National,12
p_mm_jfm.previous,17.741045244475472,annualfractionnoflow,National,12
p_mm_amj.previous,12.750186029296747,annualfractionnoflow,National,12
pet_mm_cy.previous,15.100528797167264,annualfractionnoflow,National,12
pet_mm_jas.previous,19.73461880865916,annualfractionnoflow,National,12
pet_mm_ond.previous,12.160700893961994,annualfractionnoflow,National,12
pet_mm_jfm.previous,15.585587558897954,annualfractionnoflow,National,12
pet_mm_amj.previous,13.911179477829299,annualfractionnoflow,National,12
T_max_c_cy.previous,17.401810557560722,annualfractionnoflow,National,12
T_max_c_jas.previous,21.030941084930717,annualfractionnoflow,National,12
T_max_c_ond.previous,19.798013021293347,annualfractionnoflow,National,12
T_max_c_jfm.previous,18.176484906702736,annualfractionnoflow,National,12
T_max_c_amj.previous,18.171490893381293,annualfractionnoflow,National,12
swe_mm_cy.previous,14.847350161800351,annualfractionnoflow,National,12
swe_mm_jas.previous,2.4671358843272038,annualfractionnoflow,National,12
swe_mm_ond.previous,12.633631581976985,annualfractionnoflow,National,12
swe_mm_jfm.previous,15.914760545989369,annualfractionnoflow,National,12
swe_mm_amj.previous,12.884523936746382,annualfractionnoflow,National,12
p.pet_cy.previous,24.816575204051023,annualfractionnoflow,National,12
swe.p_cy.previous,16.475611693771217,annualfractionnoflow,National,12
p.pet_jfm.previous,18.504843032932065,annualfractionnoflow,National,12
swe.p_jfm.previous,17.08020537709874,annualfractionnoflow,National,12
p.pet_amj.previous,10.377959815109802,annualfractionnoflow,National,12
swe.p_amj.previous,12.250537493968096,annualfractionnoflow,National,12
p.pet_jas.previous,16.448756008568655,annualfractionnoflow,National,12
swe.p_jas.previous,5.479911581361181,annualfractionnoflow,National,12
p.pet_ond.previous,17.613549344296516,annualfractionnoflow,National,12
swe.p_ond.previous,18.02716329877296,annualfractionnoflow,National,12
dams_n,17.620516596817723,annualfractionnoflow,National,12
maxstorage_af,23.76733930835566,annualfractionnoflow,National,12
normstorage_af,25.281826965664205,annualfractionnoflow,National,12
majordams_n,18.05640682866478,annualfractionnoflow,National,12
wuse_mm,38.64349694645867,annualfractionnoflow,National,12
irrig_prc,34.0313056331981,annualfractionnoflow,National,12
lulc_water_prc,29.12600312790903,annualfractionnoflow,National,12
lulc_dev_prc,34.99730817385808,annualfractionnoflow,National,12
lulc_wetland_prc,30.600609478020232,annualfractionnoflow,National,12
lulc_forest_prc,32.37477028504388,annualfractionnoflow,National,12
lulc_barren_prc,32.81228735247398,annualfractionnoflow,National,12
lulc_grass_prc,35.007939167794056,annualfractionnoflow,National,12
lulc_ag_prc,31.366201202547945,annualfractionnoflow,National,12
drain_sqkm,45.14514741600154,annualfractionnoflow,National,12
elev_mean_m_basin,27.605359045525287,annualfractionnoflow,National,12
slope_pct,25.688018353884008,annualfractionnoflow,National,12
awcave,22.053231357295136,annualfractionnoflow,National,12
permave,42.9036099132755,annualfractionnoflow,National,12
topwet,25.27868721319126,annualfractionnoflow,National,12
depth_bedrock_m,26.47685077024993,annualfractionnoflow,National,12
porosity,26.14403156558714,annualfractionnoflow,National,12
storage_m,22.99317773618165,annualfractionnoflow,National,12
clayave,31.526199666728445,annualfractionnoflow,National,12
siltave,33.94076200384417,annualfractionnoflow,National,12
sandave,37.74807222855089,annualfractionnoflow,National,12
p_mm_cy,18.389395874233568,annualfractionnoflow,National,13
p_mm_jas,19.827194361769475,annualfractionnoflow,National,13
p_mm_ond,22.586426565991925,annualfractionnoflow,National,13
p_mm_jfm,18.678871806626848,annualfractionnoflow,National,13
p_mm_amj,15.575678656497715,annualfractionnoflow,National,13
pet_mm_cy,17.45873622075334,annualfractionnoflow,National,13
pet_mm_jas,15.737037923874011,annualfractionnoflow,National,13
pet_mm_ond,14.395351201817284,annualfractionnoflow,National,13
pet_mm_jfm,14.76183146964756,annualfractionnoflow,National,13
pet_mm_amj,22.556458999214506,annualfractionnoflow,National,13
T_max_c_cy,16.420127296451415,annualfractionnoflow,National,13
T_max_c_jas,19.77609512631017,annualfractionnoflow,National,13
T_max_c_ond,19.947517830638116,annualfractionnoflow,National,13
T_max_c_jfm,16.92967409336018,annualfractionnoflow,National,13
T_max_c_amj,16.996415634231198,annualfractionnoflow,National,13
swe_mm_cy,11.692481699811577,annualfractionnoflow,National,13
swe_mm_jas,1.3196173807659544,annualfractionnoflow,National,13
swe_mm_ond,15.60355069538592,annualfractionnoflow,National,13
swe_mm_jfm,12.90638791061844,annualfractionnoflow,National,13
swe_mm_amj,11.38714488291053,annualfractionnoflow,National,13
p.pet_cy,19.424492389046804,annualfractionnoflow,National,13
swe.p_cy,15.561546366465429,annualfractionnoflow,National,13
p.pet_jfm,19.25447187944737,annualfractionnoflow,National,13
swe.p_jfm,13.349802288754493,annualfractionnoflow,National,13
p.pet_amj,23.9097250352786,annualfractionnoflow,National,13
swe.p_amj,11.163253206219059,annualfractionnoflow,National,13
p.pet_jas,25.625519292198863,annualfractionnoflow,National,13
swe.p_jas,1.792149054435153,annualfractionnoflow,National,13
p.pet_ond,19.65394974636603,annualfractionnoflow,National,13
swe.p_ond,14.721269465078018,annualfractionnoflow,National,13
p_mm_cy.previous,21.411964814170894,annualfractionnoflow,National,13
p_mm_jas.previous,14.921155506104851,annualfractionnoflow,National,13
p_mm_ond.previous,18.666980393540793,annualfractionnoflow,National,13
p_mm_jfm.previous,19.64125794601924,annualfractionnoflow,National,13
p_mm_amj.previous,10.750948520054804,annualfractionnoflow,National,13
pet_mm_cy.previous,13.646591408642145,annualfractionnoflow,National,13
pet_mm_jas.previous,20.154420804810012,annualfractionnoflow,National,13
pet_mm_ond.previous,13.41940062136551,annualfractionnoflow,National,13
pet_mm_jfm.previous,14.020405609178013,annualfractionnoflow,National,13
pet_mm_amj.previous,16.707476808428012,annualfractionnoflow,National,13
T_max_c_cy.previous,16.382640256923363,annualfractionnoflow,National,13
T_max_c_jas.previous,22.861857834166848,annualfractionnoflow,National,13
T_max_c_ond.previous,17.537282093811687,annualfractionnoflow,National,13
T_max_c_jfm.previous,17.32151450477202,annualfractionnoflow,National,13
T_max_c_amj.previous,17.536928808837796,annualfractionnoflow,National,13
swe_mm_cy.previous,15.110662568406175,annualfractionnoflow,National,13
swe_mm_jas.previous,-0.22991719375173908,annualfractionnoflow,National,13
swe_mm_ond.previous,13.652520123062299,annualfractionnoflow,National,13
swe_mm_jfm.previous,12.212865306918387,annualfractionnoflow,National,13
swe_mm_amj.previous,10.419459648955433,annualfractionnoflow,National,13
p.pet_cy.previous,28.269170888551237,annualfractionnoflow,National,13
swe.p_cy.previous,14.288456598329779,annualfractionnoflow,National,13
p.pet_jfm.previous,22.075101137144777,annualfractionnoflow,National,13
swe.p_jfm.previous,14.245314310191162,annualfractionnoflow,National,13
p.pet_amj.previous,11.38715759852371,annualfractionnoflow,National,13
swe.p_amj.previous,10.28899001075476,annualfractionnoflow,National,13
p.pet_jas.previous,12.878936099346195,annualfractionnoflow,National,13
swe.p_jas.previous,0.17525264734756096,annualfractionnoflow,National,13
p.pet_ond.previous,18.35269639559111,annualfractionnoflow,National,13
swe.p_ond.previous,11.73905829607265,annualfractionnoflow,National,13
dams_n,20.327089290122462,annualfractionnoflow,National,13
maxstorage_af,25.800170534292413,annualfractionnoflow,National,13
normstorage_af,25.535773028701367,annualfractionnoflow,National,13
majordams_n,19.99999849880649,annualfractionnoflow,National,13
wuse_mm,33.377313265464174,annualfractionnoflow,National,13
irrig_prc,31.48772786319828,annualfractionnoflow,National,13
lulc_water_prc,33.76119110929315,annualfractionnoflow,National,13
lulc_dev_prc,34.48593745680485,annualfractionnoflow,National,13
lulc_wetland_prc,30.56204771057888,annualfractionnoflow,National,13
lulc_forest_prc,30.19421305360814,annualfractionnoflow,National,13
lulc_barren_prc,40.96182725751282,annualfractionnoflow,National,13
lulc_grass_prc,41.899119425567356,annualfractionnoflow,National,13
lulc_ag_prc,26.768587087812158,annualfractionnoflow,National,13
drain_sqkm,42.05313835871061,annualfractionnoflow,National,13
elev_mean_m_basin,26.690465509046383,annualfractionnoflow,National,13
slope_pct,28.214291432338705,annualfractionnoflow,National,13
awcave,27.485048307985984,annualfractionnoflow,National,13
permave,43.261888364283365,annualfractionnoflow,National,13
topwet,31.193397254861292,annualfractionnoflow,National,13
depth_bedrock_m,27.148130226333254,annualfractionnoflow,National,13
porosity,25.29417536647363,annualfractionnoflow,National,13
storage_m,26.620988552829008,annualfractionnoflow,National,13
clayave,34.58133938274433,annualfractionnoflow,National,13
siltave,33.84692436414252,annualfractionnoflow,National,13
sandave,37.69321685897398,annualfractionnoflow,National,13
p_mm_cy,21.17369797328569,annualfractionnoflow,National,14
p_mm_jas,20.246681762751848,annualfractionnoflow,National,14
p_mm_ond,17.466269124550656,annualfractionnoflow,National,14
p_mm_jfm,16.766340013248072,annualfractionnoflow,National,14
p_mm_amj,16.77955144987866,annualfractionnoflow,National,14
pet_mm_cy,14.3719953327194,annualfractionnoflow,National,14
pet_mm_jas,25.27445674967781,annualfractionnoflow,National,14
pet_mm_ond,13.282071426555662,annualfractionnoflow,National,14
pet_mm_jfm,14.837297196073278,annualfractionnoflow,National,14
pet_mm_amj,24.1288507462265,annualfractionnoflow,National,14
T_max_c_cy,16.744780608540754,annualfractionnoflow,National,14
T_max_c_jas,21.00449781238575,annualfractionnoflow,National,14
T_max_c_ond,15.642693686441635,annualfractionnoflow,National,14
T_max_c_jfm,14.975612163644996,annualfractionnoflow,National,14
T_max_c_amj,17.102290649970534,annualfractionnoflow,National,14
swe_mm_cy,14.110549029942305,annualfractionnoflow,National,14
swe_mm_jas,4.846731339785234,annualfractionnoflow,National,14
swe_mm_ond,16.753846750130098,annualfractionnoflow,National,14
swe_mm_jfm,15.970335139678376,annualfractionnoflow,National,14
swe_mm_amj,8.883096460961188,annualfractionnoflow,National,14
p.pet_cy,18.17853888635663,annualfractionnoflow,National,14
swe.p_cy,14.899980091965535,annualfractionnoflow,National,14
p.pet_jfm,20.266713192324364,annualfractionnoflow,National,14
swe.p_jfm,12.797648273496371,annualfractionnoflow,National,14
p.pet_amj,19.77484190156237,annualfractionnoflow,National,14
swe.p_amj,8.552277630973082,annualfractionnoflow,National,14
p.pet_jas,21.317670326904953,annualfractionnoflow,National,14
swe.p_jas,3.823422532037899,annualfractionnoflow,National,14
p.pet_ond,19.986426655758425,annualfractionnoflow,National,14
swe.p_ond,13.4946623607486,annualfractionnoflow,National,14
p_mm_cy.previous,23.30816660742827,annualfractionnoflow,National,14
p_mm_jas.previous,13.590779233333654,annualfractionnoflow,National,14
p_mm_ond.previous,19.818577947063158,annualfractionnoflow,National,14
p_mm_jfm.previous,20.394386243176054,annualfractionnoflow,National,14
p_mm_amj.previous,13.878129734807812,annualfractionnoflow,National,14
pet_mm_cy.previous,12.01886884120903,annualfractionnoflow,National,14
pet_mm_jas.previous,23.94802466322326,annualfractionnoflow,National,14
pet_mm_ond.previous,14.789366756117495,annualfractionnoflow,National,14
pet_mm_jfm.previous,16.068444808176285,annualfractionnoflow,National,14
pet_mm_amj.previous,12.480229716769408,annualfractionnoflow,National,14
T_max_c_cy.previous,15.89622847311268,annualfractionnoflow,National,14
T_max_c_jas.previous,16.976638617908726,annualfractionnoflow,National,14
T_max_c_ond.previous,17.103852770583167,annualfractionnoflow,National,14
T_max_c_jfm.previous,17.035020228669488,annualfractionnoflow,National,14
T_max_c_amj.previous,16.94092515362152,annualfractionnoflow,National,14
swe_mm_cy.previous,16.364247246151475,annualfractionnoflow,National,14
swe_mm_jas.previous,3.301674081695187,annualfractionnoflow,National,14
swe_mm_ond.previous,12.860348564352265,annualfractionnoflow,National,14
swe_mm_jfm.previous,12.508963058974523,annualfractionnoflow,National,14
swe_mm_amj.previous,10.912158956307207,annualfractionnoflow,National,14
p.pet_cy.previous,30.186370453927037,annualfractionnoflow,National,14
swe.p_cy.previous,14.500330136683177,annualfractionnoflow,National,14
p.pet_jfm.previous,20.11533868289963,annualfractionnoflow,National,14
swe.p_jfm.previous,13.559301754644757,annualfractionnoflow,National,14
p.pet_amj.previous,9.959124520727737,annualfractionnoflow,National,14
swe.p_amj.previous,11.583734213293774,annualfractionnoflow,National,14
p.pet_jas.previous,15.68058888091479,annualfractionnoflow,National,14
swe.p_jas.previous,3.0813621734723147,annualfractionnoflow,National,14
p.pet_ond.previous,17.00938984146494,annualfractionnoflow,National,14
swe.p_ond.previous,15.378793159715224,annualfractionnoflow,National,14
dams_n,20.903734161088042,annualfractionnoflow,National,14
maxstorage_af,26.87432654723847,annualfractionnoflow,National,14
normstorage_af,24.97056577663415,annualfractionnoflow,National,14
majordams_n,16.76009825777743,annualfractionnoflow,National,14
wuse_mm,32.51451046125267,annualfractionnoflow,National,14
irrig_prc,30.90951094195521,annualfractionnoflow,National,14
lulc_water_prc,37.27901087083952,annualfractionnoflow,National,14
lulc_dev_prc,34.22883310545409,annualfractionnoflow,National,14
lulc_wetland_prc,32.50602844212121,annualfractionnoflow,National,14
lulc_forest_prc,33.66957970226434,annualfractionnoflow,National,14
lulc_barren_prc,38.738921769050485,annualfractionnoflow,National,14
lulc_grass_prc,37.469920803213846,annualfractionnoflow,National,14
lulc_ag_prc,30.17597871968488,annualfractionnoflow,National,14
drain_sqkm,39.226800615884244,annualfractionnoflow,National,14
elev_mean_m_basin,29.714411071253554,annualfractionnoflow,National,14
slope_pct,26.135185751664995,annualfractionnoflow,National,14
awcave,22.357497600014053,annualfractionnoflow,National,14
permave,33.536095484028635,annualfractionnoflow,National,14
topwet,24.57969034618311,annualfractionnoflow,National,14
depth_bedrock_m,21.932142683454245,annualfractionnoflow,National,14
porosity,25.742985927763893,annualfractionnoflow,National,14
storage_m,25.658215133562948,annualfractionnoflow,National,14
clayave,36.64800981037927,annualfractionnoflow,National,14
siltave,40.28905987503899,annualfractionnoflow,National,14
sandave,33.786948556618604,annualfractionnoflow,National,14
p_mm_cy,19.948834767968265,annualfractionnoflow,National,15
p_mm_jas,19.325283585423616,annualfractionnoflow,National,15
p_mm_ond,15.659606627481098,annualfractionnoflow,National,15
p_mm_jfm,17.415335774365246,annualfractionnoflow,National,15
p_mm_amj,15.204789975774776,annualfractionnoflow,National,15
pet_mm_cy,15.836812384830928,annualfractionnoflow,National,15
pet_mm_jas,22.455909740235164,annualfractionnoflow,National,15
pet_mm_ond,12.449611879292247,annualfractionnoflow,National,15
pet_mm_jfm,17.45627823794403,annualfractionnoflow,National,15
pet_mm_amj,21.696390555813345,annualfractionnoflow,National,15
T_max_c_cy,19.29243012240638,annualfractionnoflow,National,15
T_max_c_jas,17.390940356306338,annualfractionnoflow,National,15
T_max_c_ond,19.363857458062405,annualfractionnoflow,National,15
T_max_c_jfm,15.816633671913587,annualfractionnoflow,National,15
T_max_c_amj,17.623354366332965,annualfractionnoflow,National,15
swe_mm_cy,12.79021897795788,annualfractionnoflow,National,15
swe_mm_jas,5.103972411117605,annualfractionnoflow,National,15
swe_mm_ond,15.81866577897889,annualfractionnoflow,National,15
swe_mm_jfm,12.417310289533146,annualfractionnoflow,National,15
swe_mm_amj,9.953560173127887,annualfractionnoflow,National,15
p.pet_cy,19.341370347615193,annualfractionnoflow,National,15
swe.p_cy,17.33437476885451,annualfractionnoflow,National,15
p.pet_jfm,17.672381113840174,annualfractionnoflow,National,15
swe.p_jfm,13.263119309564175,annualfractionnoflow,National,15
p.pet_amj,22.92143896504092,annualfractionnoflow,National,15
swe.p_amj,9.18063756874165,annualfractionnoflow,National,15
p.pet_jas,20.968498372035004,annualfractionnoflow,National,15
swe.p_jas,5.2448902399376935,annualfractionnoflow,National,15
p.pet_ond,19.046509593499167,annualfractionnoflow,National,15
swe.p_ond,15.01252602255191,annualfractionnoflow,National,15
p_mm_cy.previous,20.688911186842134,annualfractionnoflow,National,15
p_mm_jas.previous,16.798645746283096,annualfractionnoflow,National,15
p_mm_ond.previous,19.316218874028202,annualfractionnoflow,National,15
p_mm_jfm.previous,19.010529401967464,annualfractionnoflow,National,15
p_mm_amj.previous,9.946490825835948,annualfractionnoflow,National,15
pet_mm_cy.previous,14.677357338794359,annualfractionnoflow,National,15
pet_mm_jas.previous,21.387097746516755,annualfractionnoflow,National,15
pet_mm_ond.previous,15.617685234539108,annualfractionnoflow,National,15
pet_mm_jfm.previous,15.138298845885073,annualfractionnoflow,National,15
pet_mm_amj.previous,14.840964104612548,annualfractionnoflow,National,15
T_max_c_cy.previous,18.0183543785922,annualfractionnoflow,National,15
T_max_c_jas.previous,22.472650193832113,annualfractionnoflow,National,15
T_max_c_ond.previous,17.613656720298312,annualfractionnoflow,National,15
T_max_c_jfm.previous,17.111037332105205,annualfractionnoflow,National,15
T_max_c_amj.previous,18.028915947817897,annualfractionnoflow,National,15
swe_mm_cy.previous,14.081450076195106,annualfractionnoflow,National,15
swe_mm_jas.previous,3.1033031950892505,annualfractionnoflow,National,15
swe_mm_ond.previous,11.613138999092058,annualfractionnoflow,National,15
swe_mm_jfm.previous,11.451216241456885,annualfractionnoflow,National,15
swe_mm_amj.previous,9.578362727781887,annualfractionnoflow,National,15
p.pet_cy.previous,31.170706872231552,annualfractionnoflow,National,15
swe.p_cy.previous,15.502715059916463,annualfractionnoflow,National,15
p.pet_jfm.previous,19.109633719191407,annualfractionnoflow,National,15
swe.p_jfm.previous,13.372150312557194,annualfractionnoflow,National,15
p.pet_amj.previous,9.452445393182117,annualfractionnoflow,National,15
swe.p_amj.previous,9.572330340340695,annualfractionnoflow,National,15
p.pet_jas.previous,18.862805421985815,annualfractionnoflow,National,15
swe.p_jas.previous,4.751023820415335,annualfractionnoflow,National,15
p.pet_ond.previous,18.12268353542674,annualfractionnoflow,National,15
swe.p_ond.previous,14.512087207726767,annualfractionnoflow,National,15
dams_n,19.98982678802917,annualfractionnoflow,National,15
maxstorage_af,24.81426918045785,annualfractionnoflow,National,15
normstorage_af,20.545915624934086,annualfractionnoflow,National,15
majordams_n,16.329316733828044,annualfractionnoflow,National,15
wuse_mm,35.5245546771385,annualfractionnoflow,National,15
irrig_prc,29.81684042626451,annualfractionnoflow,National,15
lulc_water_prc,27.71894547489536,annualfractionnoflow,National,15
lulc_dev_prc,37.08186401953955,annualfractionnoflow,National,15
lulc_wetland_prc,32.38052372715742,annualfractionnoflow,National,15
lulc_forest_prc,33.89450838714232,annualfractionnoflow,National,15
lulc_barren_prc,37.68837229965594,annualfractionnoflow,National,15
lulc_grass_prc,37.00055970860372,annualfractionnoflow,National,15
lulc_ag_prc,29.09230632314265,annualfractionnoflow,National,15
drain_sqkm,37.92212672993489,annualfractionnoflow,National,15
elev_mean_m_basin,27.877414707416698,annualfractionnoflow,National,15
slope_pct,25.43107365736739,annualfractionnoflow,National,15
awcave,24.479710964938928,annualfractionnoflow,National,15
permave,42.24063986806351,annualfractionnoflow,National,15
topwet,20.489596346298445,annualfractionnoflow,National,15
depth_bedrock_m,25.62852453590784,annualfractionnoflow,National,15
porosity,23.874499771474156,annualfractionnoflow,National,15
storage_m,26.418626051444207,annualfractionnoflow,National,15
clayave,36.74490519903202,annualfractionnoflow,National,15
siltave,33.71894774982364,annualfractionnoflow,National,15
sandave,35.24580968374062,annualfractionnoflow,National,15
p_mm_cy,20.779704911680973,annualfractionnoflow,National,16
p_mm_jas,18.184180431508782,annualfractionnoflow,National,16
p_mm_ond,18.73411187600486,annualfractionnoflow,National,16
p_mm_jfm,16.861697067294433,annualfractionnoflow,National,16
p_mm_amj,12.507299300421131,annualfractionnoflow,National,16
pet_mm_cy,15.137009901045918,annualfractionnoflow,National,16
pet_mm_jas,22.208471906509697,annualfractionnoflow,National,16
pet_mm_ond,13.268703138008554,annualfractionnoflow,National,16
pet_mm_jfm,13.173986258031297,annualfractionnoflow,National,16
pet_mm_amj,22.303662782364288,annualfractionnoflow,National,16
T_max_c_cy,16.135616408955254,annualfractionnoflow,National,16
T_max_c_jas,18.65837858052008,annualfractionnoflow,National,16
T_max_c_ond,17.199553174775065,annualfractionnoflow,National,16
T_max_c_jfm,14.726134800406081,annualfractionnoflow,National,16
T_max_c_amj,15.545303336398218,annualfractionnoflow,National,16
swe_mm_cy,14.103819442894592,annualfractionnoflow,National,16
swe_mm_jas,2.7067679704813745,annualfractionnoflow,National,16
swe_mm_ond,14.215168027153862,annualfractionnoflow,National,16
swe_mm_jfm,14.355811731991185,annualfractionnoflow,National,16
swe_mm_amj,7.96884587800957,annualfractionnoflow,National,16
p.pet_cy,22.64821679850883,annualfractionnoflow,National,16
swe.p_cy,15.534585064685634,annualfractionnoflow,National,16
p.pet_jfm,17.05872466324791,annualfractionnoflow,National,16
swe.p_jfm,14.338794873083138,annualfractionnoflow,National,16
p.pet_amj,21.734713807434566,annualfractionnoflow,National,16
swe.p_amj,6.9650831834499245,annualfractionnoflow,National,16
p.pet_jas,21.4347896546927,annualfractionnoflow,National,16
swe.p_jas,3.530900711499142,annualfractionnoflow,National,16
p.pet_ond,20.43980880334687,annualfractionnoflow,National,16
swe.p_ond,15.236409440723092,annualfractionnoflow,National,16
p_mm_cy.previous,20.462425097353197,annualfractionnoflow,National,16
p_mm_jas.previous,19.166200539483487,annualfractionnoflow,National,16
p_mm_ond.previous,18.733022847403234,annualfractionnoflow,National,16
p_mm_jfm.previous,20.587119457600352,annualfractionnoflow,National,16
p_mm_amj.previous,11.720490020997325,annualfractionnoflow,National,16
pet_mm_cy.previous,12.750464470034505,annualfractionnoflow,National,16
pet_mm_jas.previous,18.687274400275744,annualfractionnoflow,National,16
pet_mm_ond.previous,17.222650425875436,annualfractionnoflow,National,16
pet_mm_jfm.previous,14.409159770343333,annualfractionnoflow,National,16
pet_mm_amj.previous,14.854254788107133,annualfractionnoflow,National,16
T_max_c_cy.previous,15.844151911667703,annualfractionnoflow,National,16
T_max_c_jas.previous,17.13673009617705,annualfractionnoflow,National,16
T_max_c_ond.previous,18.41940961252552,annualfractionnoflow,National,16
T_max_c_jfm.previous,14.603954223569227,annualfractionnoflow,National,16
T_max_c_amj.previous,16.107740224787346,annualfractionnoflow,National,16
swe_mm_cy.previous,14.870717244734921,annualfractionnoflow,National,16
swe_mm_jas.previous,2.9166882415484974,annualfractionnoflow,National,16
swe_mm_ond.previous,13.683397287174902,annualfractionnoflow,National,16
swe_mm_jfm.previous,15.853719947007663,annualfractionnoflow,National,16
swe_mm_amj.previous,10.835406085449325,annualfractionnoflow,National,16
p.pet_cy.previous,31.171109098375045,annualfractionnoflow,National,16
swe.p_cy.previous,15.091739276082478,annualfractionnoflow,National,16
p.pet_jfm.previous,16.0417919050851,annualfractionnoflow,National,16
swe.p_jfm.previous,11.29773281031335,annualfractionnoflow,National,16
p.pet_amj.previous,10.142518728005744,annualfractionnoflow,National,16
swe.p_amj.previous,10.623012571964846,annualfractionnoflow,National,16
p.pet_jas.previous,17.627832535963698,annualfractionnoflow,National,16
swe.p_jas.previous,3.5014804683788596,annualfractionnoflow,National,16
p.pet_ond.previous,14.037300501086976,annualfractionnoflow,National,16
swe.p_ond.previous,13.848407314610947,annualfractionnoflow,National,16
dams_n,19.071850954458778,annualfractionnoflow,National,16
maxstorage_af,21.328310541769024,annualfractionnoflow,National,16
normstorage_af,23.007962702967063,annualfractionnoflow,National,16
majordams_n,15.374437539209172,annualfractionnoflow,National,16
wuse_mm,35.1292129529109,annualfractionnoflow,National,16
irrig_prc,30.487424212790998,annualfractionnoflow,National,16
lulc_water_prc,42.00463936190263,annualfractionnoflow,National,16
lulc_dev_prc,35.88613259617933,annualfractionnoflow,National,16
lulc_wetland_prc,33.65154671720975,annualfractionnoflow,National,16
lulc_forest_prc,32.96656769690442,annualfractionnoflow,National,16
lulc_barren_prc,37.110575261579235,annualfractionnoflow,National,16
lulc_grass_prc,41.152550781473174,annualfractionnoflow,National,16
lulc_ag_prc,30.102184085875646,annualfractionnoflow,National,16
drain_sqkm,42.0106597942052,annualfractionnoflow,National,16
elev_mean_m_basin,28.5631599888588,annualfractionnoflow,National,16
slope_pct,30.33735283212229,annualfractionnoflow,National,16
awcave,23.145678987115495,annualfractionnoflow,National,16
permave,42.96702859571027,annualfractionnoflow,National,16
topwet,27.308222198334843,annualfractionnoflow,National,16
depth_bedrock_m,26.306389994507228,annualfractionnoflow,National,16
porosity,27.169690136443098,annualfractionnoflow,National,16
storage_m,24.841474545403383,annualfractionnoflow,National,16
clayave,31.902681775058042,annualfractionnoflow,National,16
siltave,33.65903358717803,annualfractionnoflow,National,16
sandave,34.4261656378614,annualfractionnoflow,National,16
p_mm_cy,19.647513997707584,annualfractionnoflow,National,17
p_mm_jas,20.51698495914616,annualfractionnoflow,National,17
p_mm_ond,20.046269749923077,annualfractionnoflow,National,17
p_mm_jfm,16.334961093277354,annualfractionnoflow,National,17
p_mm_amj,15.885159961221708,annualfractionnoflow,National,17
pet_mm_cy,17.86814516422984,annualfractionnoflow,National,17
pet_mm_jas,21.38665595875125,annualfractionnoflow,National,17
pet_mm_ond,14.306189807245715,annualfractionnoflow,National,17
pet_mm_jfm,15.888404253780159,annualfractionnoflow,National,17
pet_mm_amj,21.549818045557362,annualfractionnoflow,National,17
T_max_c_cy,17.371462035943836,annualfractionnoflow,National,17
T_max_c_jas,20.107556530769354,annualfractionnoflow,National,17
T_max_c_ond,19.58354201338716,annualfractionnoflow,National,17
T_max_c_jfm,13.31953863803276,annualfractionnoflow,National,17
T_max_c_amj,16.594458044413308,annualfractionnoflow,National,17
swe_mm_cy,13.814600954736632,annualfractionnoflow,National,17
swe_mm_jas,5.027539660028944,annualfractionnoflow,National,17
swe_mm_ond,17.154214879050322,annualfractionnoflow,National,17
swe_mm_jfm,17.33105779012446,annualfractionnoflow,National,17
swe_mm_amj,12.421035796330916,annualfractionnoflow,National,17
p.pet_cy,19.481714381939007,annualfractionnoflow,National,17
swe.p_cy,15.493959184966673,annualfractionnoflow,National,17
p.pet_jfm,16.41426374884666,annualfractionnoflow,National,17
swe.p_jfm,15.537727176775842,annualfractionnoflow,National,17
p.pet_amj,23.682016328187434,annualfractionnoflow,National,17
swe.p_amj,11.698496775646264,annualfractionnoflow,National,17
p.pet_jas,20.94003664361881,annualfractionnoflow,National,17
swe.p_jas,4.056321356163509,annualfractionnoflow,National,17
p.pet_ond,19.203151280226297,annualfractionnoflow,National,17
swe.p_ond,16.838489169886365,annualfractionnoflow,National,17
p_mm_cy.previous,21.7856520249236,annualfractionnoflow,National,17
p_mm_jas.previous,11.575708751684996,annualfractionnoflow,National,17
p_mm_ond.previous,20.486033183655557,annualfractionnoflow,National,17
p_mm_jfm.previous,16.713518252871186,annualfractionnoflow,National,17
p_mm_amj.previous,10.637891107495607,annualfractionnoflow,National,17
pet_mm_cy.previous,15.512281962005918,annualfractionnoflow,National,17
pet_mm_jas.previous,19.854513437242872,annualfractionnoflow,National,17
pet_mm_ond.previous,13.337541537714594,annualfractionnoflow,National,17
pet_mm_jfm.previous,15.548127667843485,annualfractionnoflow,National,17
pet_mm_amj.previous,14.044070572133919,annualfractionnoflow,National,17
T_max_c_cy.previous,17.5621143630128,annualfractionnoflow,National,17
T_max_c_jas.previous,18.471813664894064,annualfractionnoflow,National,17
T_max_c_ond.previous,17.133479388499683,annualfractionnoflow,National,17
T_max_c_jfm.previous,19.0088412262128,annualfractionnoflow,National,17
T_max_c_amj.previous,17.179228072007415,annualfractionnoflow,National,17
swe_mm_cy.previous,17.270170279592,annualfractionnoflow,National,17
swe_mm_jas.previous,3.7776959338777663,annualfractionnoflow,National,17
swe_mm_ond.previous,14.388222325361303,annualfractionnoflow,National,17
swe_mm_jfm.previous,16.38692346051581,annualfractionnoflow,National,17
swe_mm_amj.previous,12.236684200264849,annualfractionnoflow,National,17
p.pet_cy.previous,24.41178123853508,annualfractionnoflow,National,17
swe.p_cy.previous,18.274254349638785,annualfractionnoflow,National,17
p.pet_jfm.previous,19.379754331286048,annualfractionnoflow,National,17
swe.p_jfm.previous,17.658194582535273,annualfractionnoflow,National,17
p.pet_amj.previous,11.14618177228119,annualfractionnoflow,National,17
swe.p_amj.previous,12.143426774377065,annualfractionnoflow,National,17
p.pet_jas.previous,14.580188555467704,annualfractionnoflow,National,17
swe.p_jas.previous,4.2136203642669985,annualfractionnoflow,National,17
p.pet_ond.previous,17.825576080526755,annualfractionnoflow,National,17
swe.p_ond.previous,15.245858219499064,annualfractionnoflow,National,17
dams_n,20.264021851241132,annualfractionnoflow,National,17
maxstorage_af,20.16696215295155,annualfractionnoflow,National,17
normstorage_af,26.01733432692842,annualfractionnoflow,National,17
majordams_n,19.61373570699156,annualfractionnoflow,National,17
wuse_mm,33.984535659981645,annualfractionnoflow,National,17
irrig_prc,28.839760028035958,annualfractionnoflow,National,17
lulc_water_prc,26.513403650902255,annualfractionnoflow,National,17
lulc_dev_prc,33.52026625434628,annualfractionnoflow,National,17
lulc_wetland_prc,33.006179387940705,annualfractionnoflow,National,17
lulc_forest_prc,30.747984862254476,annualfractionnoflow,National,17
lulc_barren_prc,33.967916849331694,annualfractionnoflow,National,17
lulc_grass_prc,48.037889978976985,annualfractionnoflow,National,17
lulc_ag_prc,27.822661292387572,annualfractionnoflow,National,17
drain_sqkm,41.435625277639765,annualfractionnoflow,National,17
elev_mean_m_basin,31.14894844288881,annualfractionnoflow,National,17
slope_pct,27.369749521949643,annualfractionnoflow,National,17
awcave,25.20203417771428,annualfractionnoflow,National,17
permave,41.64787760928713,annualfractionnoflow,National,17
topwet,20.854356596658242,annualfractionnoflow,National,17
depth_bedrock_m,22.84528333935506,annualfractionnoflow,National,17
porosity,25.82812233588532,annualfractionnoflow,National,17
storage_m,23.234560888580482,annualfractionnoflow,National,17
clayave,37.577315227416904,annualfractionnoflow,National,17
siltave,36.41636264105294,annualfractionnoflow,National,17
sandave,36.977205618006586,annualfractionnoflow,National,17
p_mm_cy,20.156349995194027,annualfractionnoflow,National,18
p_mm_jas,22.348407901010926,annualfractionnoflow,National,18
p_mm_ond,20.334387716265528,annualfractionnoflow,National,18
p_mm_jfm,17.8976288050058,annualfractionnoflow,National,18
p_mm_amj,12.846966582222699,annualfractionnoflow,National,18
pet_mm_cy,14.570953686213807,annualfractionnoflow,National,18
pet_mm_jas,17.243136534041614,annualfractionnoflow,National,18
pet_mm_ond,13.753128868969123,annualfractionnoflow,National,18
pet_mm_jfm,15.478330608658565,annualfractionnoflow,National,18
pet_mm_amj,22.091310362443892,annualfractionnoflow,National,18
T_max_c_cy,17.50345419992761,annualfractionnoflow,National,18
T_max_c_jas,20.078379276965144,annualfractionnoflow,National,18
T_max_c_ond,18.87879142017477,annualfractionnoflow,National,18
T_max_c_jfm,15.789615268560048,annualfractionnoflow,National,18
T_max_c_amj,17.130570107769845,annualfractionnoflow,National,18
swe_mm_cy,14.324391767934122,annualfractionnoflow,National,18
swe_mm_jas,2.6891989337005393,annualfractionnoflow,National,18
swe_mm_ond,16.4341117968003,annualfractionnoflow,National,18
swe_mm_jfm,16.356747840132407,annualfractionnoflow,National,18
swe_mm_amj,12.29219086315868,annualfractionnoflow,National,18
p.pet_cy,21.239738931030374,annualfractionnoflow,National,18
swe.p_cy,15.244598050099173,annualfractionnoflow,National,18
p.pet_jfm,18.739329847554487,annualfractionnoflow,National,18
swe.p_jfm,17.14541824803935,annualfractionnoflow,National,18
p.pet_amj,22.969122622531412,annualfractionnoflow,National,18
swe.p_amj,8.883535355629922,annualfractionnoflow,National,18
p.pet_jas,25.519328856547162,annualfractionnoflow,National,18
swe.p_jas,5.028390887788783,annualfractionnoflow,National,18
p.pet_ond,17.85576742649496,annualfractionnoflow,National,18
swe.p_ond,15.408294014022308,annualfractionnoflow,National,18
p_mm_cy.previous,18.378437438585962,annualfractionnoflow,National,18
p_mm_jas.previous,17.05069646156804,annualfractionnoflow,National,18
p_mm_ond.previous,16.015275647215006,annualfractionnoflow,National,18
p_mm_jfm.previous,21.30464999006523,annualfractionnoflow,National,18
p_mm_amj.previous,12.814615628238819,annualfractionnoflow,National,18
pet_mm_cy.previous,13.382403353383058,annualfractionnoflow,National,18
pet_mm_jas.previous,23.84746924738687,annualfractionnoflow,National,18
pet_mm_ond.previous,15.20143401474131,annualfractionnoflow,National,18
pet_mm_jfm.previous,15.789478786271367,annualfractionnoflow,National,18
pet_mm_amj.previous,14.764896688707964,annualfractionnoflow,National,18
T_max_c_cy.previous,17.326964401365522,annualfractionnoflow,National,18
T_max_c_jas.previous,19.111482552738533,annualfractionnoflow,National,18
T_max_c_ond.previous,18.608445786298333,annualfractionnoflow,National,18
T_max_c_jfm.previous,18.1812814538368,annualfractionnoflow,National,18
T_max_c_amj.previous,17.30369399249149,annualfractionnoflow,National,18
swe_mm_cy.previous,12.528219464767332,annualfractionnoflow,National,18
swe_mm_jas.previous,2.451106893047556,annualfractionnoflow,National,18
swe_mm_ond.previous,13.836001156004123,annualfractionnoflow,National,18
swe_mm_jfm.previous,12.979599995582399,annualfractionnoflow,National,18
swe_mm_amj.previous,13.600025795897146,annualfractionnoflow,National,18
p.pet_cy.previous,28.645883167576848,annualfractionnoflow,National,18
swe.p_cy.previous,16.55913058458787,annualfractionnoflow,National,18
p.pet_jfm.previous,21.12561142894412,annualfractionnoflow,National,18
swe.p_jfm.previous,17.72365090828214,annualfractionnoflow,National,18
p.pet_amj.previous,11.709681022969782,annualfractionnoflow,National,18
swe.p_amj.previous,10.771201192804838,annualfractionnoflow,National,18
p.pet_jas.previous,17.28084142783645,annualfractionnoflow,National,18
swe.p_jas.previous,3.1555409854042726,annualfractionnoflow,National,18
p.pet_ond.previous,14.144358850281334,annualfractionnoflow,National,18
swe.p_ond.previous,13.67286365271478,annualfractionnoflow,National,18
dams_n,19.54792757880446,annualfractionnoflow,National,18
maxstorage_af,23.876051597933813,annualfractionnoflow,National,18
normstorage_af,25.281012240336672,annualfractionnoflow,National,18
majordams_n,26.33712380985716,annualfractionnoflow,National,18
wuse_mm,35.79178942145705,annualfractionnoflow,National,18
irrig_prc,28.22625245102395,annualfractionnoflow,National,18
lulc_water_prc,30.48256928722557,annualfractionnoflow,National,18
lulc_dev_prc,34.581894079175825,annualfractionnoflow,National,18
lulc_wetland_prc,35.27679422848942,annualfractionnoflow,National,18
lulc_forest_prc,32.29194436200776,annualfractionnoflow,National,18
lulc_barren_prc,35.06522872071561,annualfractionnoflow,National,18
lulc_grass_prc,40.437409735204156,annualfractionnoflow,National,18
lulc_ag_prc,29.95788475658214,annualfractionnoflow,National,18
drain_sqkm,42.70259386626331,annualfractionnoflow,National,18
elev_mean_m_basin,27.119077650983286,annualfractionnoflow,National,18
slope_pct,33.317351118764044,annualfractionnoflow,National,18
awcave,22.60912142631978,annualfractionnoflow,National,18
permave,34.68375789881698,annualfractionnoflow,National,18
topwet,25.618988914023102,annualfractionnoflow,National,18
depth_bedrock_m,29.372186985608725,annualfractionnoflow,National,18
porosity,21.403034255497268,annualfractionnoflow,National,18
storage_m,25.93079699595973,annualfractionnoflow,National,18
clayave,31.755205485487156,annualfractionnoflow,National,18
siltave,33.942926856707246,annualfractionnoflow,National,18
sandave,36.44280766684326,annualfractionnoflow,National,18
p_mm_cy,24.858352069353785,annualfractionnoflow,National,19
p_mm_jas,19.819130255074693,annualfractionnoflow,National,19
p_mm_ond,19.906797061478265,annualfractionnoflow,National,19
p_mm_jfm,17.79918453588883,annualfractionnoflow,National,19
p_mm_amj,15.019961749365383,annualfractionnoflow,National,19
pet_mm_cy,14.65252430678098,annualfractionnoflow,National,19
pet_mm_jas,23.334942974584774,annualfractionnoflow,National,19
pet_mm_ond,12.633990936257618,annualfractionnoflow,National,19
pet_mm_jfm,19.175273212859135,annualfractionnoflow,National,19
pet_mm_amj,21.914474506925426,annualfractionnoflow,National,19
T_max_c_cy,16.991466421546008,annualfractionnoflow,National,19
T_max_c_jas,20.037718298369306,annualfractionnoflow,National,19
T_max_c_ond,21.495149389461737,annualfractionnoflow,National,19
T_max_c_jfm,18.109538724115684,annualfractionnoflow,National,19
T_max_c_amj,14.717611298372095,annualfractionnoflow,National,19
swe_mm_cy,10.103548237852838,annualfractionnoflow,National,19
swe_mm_jas,3.487498777557726,annualfractionnoflow,National,19
swe_mm_ond,12.012467132846629,annualfractionnoflow,National,19
swe_mm_jfm,10.130824514250845,annualfractionnoflow,National,19
swe_mm_amj,9.169922299917905,annualfractionnoflow,National,19
p.pet_cy,20.379990469458107,annualfractionnoflow,National,19
swe.p_cy,13.918058011440445,annualfractionnoflow,National,19
p.pet_jfm,18.086985079283554,annualfractionnoflow,National,19
swe.p_jfm,12.18212902253611,annualfractionnoflow,National,19
p.pet_amj,25.754498904290596,annualfractionnoflow,National,19
swe.p_amj,8.379236841650675,annualfractionnoflow,National,19
p.pet_jas,23.693027931821966,annualfractionnoflow,National,19
swe.p_jas,4.986396194586022,annualfractionnoflow,National,19
p.pet_ond,17.94278788070845,annualfractionnoflow,National,19
swe.p_ond,13.182139899216168,annualfractionnoflow,National,19
p_mm_cy.previous,22.201424715741304,annualfractionnoflow,National,19
p_mm_jas.previous,13.593477731191832,annualfractionnoflow,National,19
p_mm_ond.previous,19.10788533099057,annualfractionnoflow,National,19
p_mm_jfm.previous,17.99033803065094,annualfractionnoflow,National,19
p_mm_amj.previous,9.090020974031003,annualfractionnoflow,National,19
pet_mm_cy.previous,13.840200254755953,annualfractionnoflow,National,19
pet_mm_jas.previous,23.480741924465644,annualfractionnoflow,National,19
pet_mm_ond.previous,13.225355081798988,annualfractionnoflow,National,19
pet_mm_jfm.previous,15.658770478446739,annualfractionnoflow,National,19
pet_mm_amj.previous,16.15209187532949,annualfractionnoflow,National,19
T_max_c_cy.previous,15.936968426144539,annualfractionnoflow,National,19
T_max_c_jas.previous,15.63610223598295,annualfractionnoflow,National,19
T_max_c_ond.previous,17.24316742703342,annualfractionnoflow,National,19
T_max_c_jfm.previous,17.893549186704963,annualfractionnoflow,National,19
T_max_c_amj.previous,16.54282588094898,annualfractionnoflow,National,19
swe_mm_cy.previous,13.346137449549087,annualfractionnoflow,National,19
swe_mm_jas.previous,3.7421295918428052,annualfractionnoflow,National,19
swe_mm_ond.previous,13.82097737808663,annualfractionnoflow,National,19
swe_mm_jfm.previous,10.586889071822782,annualfractionnoflow,National,19
swe_mm_amj.previous,11.149623013568442,annualfractionnoflow,National,19
p.pet_cy.previous,25.53161215943163,annualfractionnoflow,National,19
swe.p_cy.previous,14.156399187685077,annualfractionnoflow,National,19
p.pet_jfm.previous,18.84102654988999,annualfractionnoflow,National,19
swe.p_jfm.previous,12.888102148633967,annualfractionnoflow,National,19
p.pet_amj.previous,10.357648667746295,annualfractionnoflow,National,19
swe.p_amj.previous,9.231097536081776,annualfractionnoflow,National,19
p.pet_jas.previous,17.9796131974268,annualfractionnoflow,National,19
swe.p_jas.previous,6.210279833455029,annualfractionnoflow,National,19
p.pet_ond.previous,20.035636653210315,annualfractionnoflow,National,19
swe.p_ond.previous,12.514412720661444,annualfractionnoflow,National,19
dams_n,23.516130153235093,annualfractionnoflow,National,19
maxstorage_af,23.33217575838995,annualfractionnoflow,National,19
normstorage_af,21.902423204825293,annualfractionnoflow,National,19
majordams_n,20.83831057850718,annualfractionnoflow,National,19
wuse_mm,33.439772061489855,annualfractionnoflow,National,19
irrig_prc,30.398728977435844,annualfractionnoflow,National,19
lulc_water_prc,31.08205066166713,annualfractionnoflow,National,19
lulc_dev_prc,35.829290291053134,annualfractionnoflow,National,19
lulc_wetland_prc,32.742756932643374,annualfractionnoflow,National,19
lulc_forest_prc,28.851572152600514,annualfractionnoflow,National,19
lulc_barren_prc,34.70907349409841,annualfractionnoflow,National,19
lulc_grass_prc,36.41219541685978,annualfractionnoflow,National,19
lulc_ag_prc,25.690485677598307,annualfractionnoflow,National,19
drain_sqkm,44.417956675071096,annualfractionnoflow,National,19
elev_mean_m_basin,29.695322715661042,annualfractionnoflow,National,19
slope_pct,24.92534851879196,annualfractionnoflow,National,19
awcave,22.11657497756096,annualfractionnoflow,National,19
permave,40.09334519737511,annualfractionnoflow,National,19
topwet,20.132804674952673,annualfractionnoflow,National,19
depth_bedrock_m,27.790969471751726,annualfractionnoflow,National,19
porosity,26.098846530889986,annualfractionnoflow,National,19
storage_m,24.822893685343306,annualfractionnoflow,National,19
clayave,31.523052061240804,annualfractionnoflow,National,19
siltave,35.89077353594794,annualfractionnoflow,National,19
sandave,33.352575124156765,annualfractionnoflow,National,19
p_mm_cy,21.658893464957607,annualfractionnoflow,National,20
p_mm_jas,20.0201433277165,annualfractionnoflow,National,20
p_mm_ond,19.988535323883657,annualfractionnoflow,National,20
p_mm_jfm,18.36834872681588,annualfractionnoflow,National,20
p_mm_amj,15.693269872371516,annualfractionnoflow,National,20
pet_mm_cy,18.05222062580071,annualfractionnoflow,National,20
pet_mm_jas,24.34382171387661,annualfractionnoflow,National,20
pet_mm_ond,15.558576259978858,annualfractionnoflow,National,20
pet_mm_jfm,17.36119796616511,annualfractionnoflow,National,20
pet_mm_amj,18.523769830970664,annualfractionnoflow,National,20
T_max_c_cy,16.943368528638086,annualfractionnoflow,National,20
T_max_c_jas,22.24564619226131,annualfractionnoflow,National,20
T_max_c_ond,16.77272836269704,annualfractionnoflow,National,20
T_max_c_jfm,16.184295479159875,annualfractionnoflow,National,20
T_max_c_amj,16.230370131565557,annualfractionnoflow,National,20
swe_mm_cy,13.429482939648615,annualfractionnoflow,National,20
swe_mm_jas,3.4601480997320175,annualfractionnoflow,National,20
swe_mm_ond,15.618089612991813,annualfractionnoflow,National,20
swe_mm_jfm,14.931953956363767,annualfractionnoflow,National,20
swe_mm_amj,11.256406402793605,annualfractionnoflow,National,20
p.pet_cy,18.806487844739554,annualfractionnoflow,National,20
swe.p_cy,18.961464576232782,annualfractionnoflow,National,20
p.pet_jfm,17.524900209044958,annualfractionnoflow,National,20
swe.p_jfm,12.039813371986865,annualfractionnoflow,National,20
p.pet_amj,20.09597428861817,annualfractionnoflow,National,20
swe.p_amj,9.562031098663203,annualfractionnoflow,National,20
p.pet_jas,23.160638457369114,annualfractionnoflow,National,20
swe.p_jas,4.377698304405568,annualfractionnoflow,National,20
p.pet_ond,20.589992937729576,annualfractionnoflow,National,20
swe.p_ond,18.899900808454227,annualfractionnoflow,National,20
p_mm_cy.previous,20.52583228195245,annualfractionnoflow,National,20
p_mm_jas.previous,15.233788398506938,annualfractionnoflow,National,20
p_mm_ond.previous,19.697032254649137,annualfractionnoflow,National,20
p_mm_jfm.previous,18.891491195956167,annualfractionnoflow,National,20
p_mm_amj.previous,15.522380832983389,annualfractionnoflow,National,20
pet_mm_cy.previous,15.275947992455581,annualfractionnoflow,National,20
pet_mm_jas.previous,23.174376907469124,annualfractionnoflow,National,20
pet_mm_ond.previous,16.534705145092165,annualfractionnoflow,National,20
pet_mm_jfm.previous,15.182359437441463,annualfractionnoflow,National,20
pet_mm_amj.previous,17.682782439136137,annualfractionnoflow,National,20
T_max_c_cy.previous,16.350725721666546,annualfractionnoflow,National,20
T_max_c_jas.previous,17.552851708261137,annualfractionnoflow,National,20
T_max_c_ond.previous,18.47010402077564,annualfractionnoflow,National,20
T_max_c_jfm.previous,16.62254218856309,annualfractionnoflow,National,20
T_max_c_amj.previous,15.484136798845448,annualfractionnoflow,National,20
swe_mm_cy.previous,14.612254705768155,annualfractionnoflow,National,20
swe_mm_jas.previous,0.11259444874893267,annualfractionnoflow,National,20
swe_mm_ond.previous,14.003252750225503,annualfractionnoflow,National,20
swe_mm_jfm.previous,13.300791466158048,annualfractionnoflow,National,20
swe_mm_amj.previous,12.001320019726931,annualfractionnoflow,National,20
p.pet_cy.previous,26.975546637194107,annualfractionnoflow,National,20
swe.p_cy.previous,16.97668105612766,annualfractionnoflow,National,20
p.pet_jfm.previous,19.6465011454865,annualfractionnoflow,National,20
swe.p_jfm.previous,14.907529899065834,annualfractionnoflow,National,20
p.pet_amj.previous,12.489208830191615,annualfractionnoflow,National,20
swe.p_amj.previous,11.21416499299595,annualfractionnoflow,National,20
p.pet_jas.previous,14.081965194986381,annualfractionnoflow,National,20
swe.p_jas.previous,3.514509811625603,annualfractionnoflow,National,20
p.pet_ond.previous,18.525366978505637,annualfractionnoflow,National,20
swe.p_ond.previous,17.443685597309123,annualfractionnoflow,National,20
dams_n,21.57679045860897,annualfractionnoflow,National,20
maxstorage_af,27.05946289304763,annualfractionnoflow,National,20
normstorage_af,24.599981393214293,annualfractionnoflow,National,20
majordams_n,18.1206027387436,annualfractionnoflow,National,20
wuse_mm,32.255817059145144,annualfractionnoflow,National,20
irrig_prc,29.34845486944018,annualfractionnoflow,National,20
lulc_water_prc,32.084476288060394,annualfractionnoflow,National,20
lulc_dev_prc,36.17352565196863,annualfractionnoflow,National,20
lulc_wetland_prc,33.08713496815637,annualfractionnoflow,National,20
lulc_forest_prc,36.20859186322314,annualfractionnoflow,National,20
lulc_barren_prc,33.11545009732739,annualfractionnoflow,National,20
lulc_grass_prc,38.71810545909099,annualfractionnoflow,National,20
lulc_ag_prc,28.890435970757522,annualfractionnoflow,National,20
drain_sqkm,37.87726731943045,annualfractionnoflow,National,20
elev_mean_m_basin,27.629860759724135,annualfractionnoflow,National,20
slope_pct,23.885214988627357,annualfractionnoflow,National,20
awcave,22.83133614233084,annualfractionnoflow,National,20
permave,39.846315295646846,annualfractionnoflow,National,20
topwet,23.65219250507223,annualfractionnoflow,National,20
depth_bedrock_m,27.988176913238956,annualfractionnoflow,National,20
porosity,24.47734629134183,annualfractionnoflow,National,20
storage_m,24.593226937777775,annualfractionnoflow,National,20
clayave,34.84126247942457,annualfractionnoflow,National,20
siltave,39.6447768729769,annualfractionnoflow,National,20
sandave,37.98508695387932,annualfractionnoflow,National,20
p_mm_cy,20.244473474194535,annualfractionnoflow,National,21
p_mm_jas,20.24375839813743,annualfractionnoflow,National,21
p_mm_ond,22.307349558085267,annualfractionnoflow,National,21
p_mm_jfm,19.00556650633067,annualfractionnoflow,National,21
p_mm_amj,13.682890612777541,annualfractionnoflow,National,21
pet_mm_cy,18.0366200810645,annualfractionnoflow,National,21
pet_mm_jas,18.495627450869396,annualfractionnoflow,National,21
pet_mm_ond,11.85825511661324,annualfractionnoflow,National,21
pet_mm_jfm,16.309395896504626,annualfractionnoflow,National,21
pet_mm_amj,25.1691441806078,annualfractionnoflow,National,21
T_max_c_cy,14.702420744054828,annualfractionnoflow,National,21
T_max_c_jas,19.538129684792207,annualfractionnoflow,National,21
T_max_c_ond,14.867534913363047,annualfractionnoflow,National,21
T_max_c_jfm,16.329241608895135,annualfractionnoflow,National,21
T_max_c_amj,16.372603479359537,annualfractionnoflow,National,21
swe_mm_cy,15.098864558205534,annualfractionnoflow,National,21
swe_mm_jas,4.7118358496574455,annualfractionnoflow,National,21
swe_mm_ond,15.427567150714536,annualfractionnoflow,National,21
swe_mm_jfm,13.736480994089067,annualfractionnoflow,National,21
swe_mm_amj,12.525164726246627,annualfractionnoflow,National,21
p.pet_cy,20.78798212665489,annualfractionnoflow,National,21
swe.p_cy,15.378618633674163,annualfractionnoflow,National,21
p.pet_jfm,18.608778865735918,annualfractionnoflow,National,21
swe.p_jfm,17.191814589337998,annualfractionnoflow,National,21
p.pet_amj,17.879950011667383,annualfractionnoflow,National,21
swe.p_amj,10.906610010598879,annualfractionnoflow,National,21
p.pet_jas,24.686546066633852,annualfractionnoflow,National,21
swe.p_jas,5.034632929194835,annualfractionnoflow,National,21
p.pet_ond,19.080657097851166,annualfractionnoflow,National,21
swe.p_ond,17.27188339181372,annualfractionnoflow,National,21
p_mm_cy.previous,19.220574344659145,annualfractionnoflow,National,21
p_mm_jas.previous,20.01146198218351,annualfractionnoflow,National,21
p_mm_ond.previous,17.594074009189047,annualfractionnoflow,National,21
p_mm_jfm.previous,18.998925494714882,annualfractionnoflow,National,21
p_mm_amj.previous,8.681185018547668,annualfractionnoflow,National,21
pet_mm_cy.previous,14.133222641689805,annualfractionnoflow,National,21
pet_mm_jas.previous,20.8927091063399,annualfractionnoflow,National,21
pet_mm_ond.previous,13.08005293971609,annualfractionnoflow,National,21
pet_mm_jfm.previous,15.094672191024326,annualfractionnoflow,National,21
pet_mm_amj.previous,15.13174255668987,annualfractionnoflow,National,21
T_max_c_cy.previous,16.002242536148454,annualfractionnoflow,National,21
T_max_c_jas.previous,18.08480779315161,annualfractionnoflow,National,21
T_max_c_ond.previous,13.196820046904861,annualfractionnoflow,National,21
T_max_c_jfm.previous,17.430293911342268,annualfractionnoflow,National,21
T_max_c_amj.previous,14.925071386011654,annualfractionnoflow,National,21
swe_mm_cy.previous,17.389599560760214,annualfractionnoflow,National,21
swe_mm_jas.previous,2.108224973777582,annualfractionnoflow,National,21
swe_mm_ond.previous,15.755948493750179,annualfractionnoflow,National,21
swe_mm_jfm.previous,16.38165393423424,annualfractionnoflow,National,21
swe_mm_amj.previous,12.684162722403304,annualfractionnoflow,National,21
p.pet_cy.previous,28.48404451264514,annualfractionnoflow,National,21
swe.p_cy.previous,13.239952904015105,annualfractionnoflow,National,21
p.pet_jfm.previous,20.823244384151344,annualfractionnoflow,National,21
swe.p_jfm.previous,15.617896943193642,annualfractionnoflow,National,21
p.pet_amj.previous,10.261772234713638,annualfractionnoflow,National,21
swe.p_amj.previous,8.743841795443597,annualfractionnoflow,National,21
p.pet_jas.previous,16.466775193653486,annualfractionnoflow,National,21
swe.p_jas.previous,4.07185867733107,annualfractionnoflow,National,21
p.pet_ond.previous,15.810558653133212,annualfractionnoflow,National,21
swe.p_ond.previous,16.11362647572011,annualfractionnoflow,National,21
dams_n,18.282075917673357,annualfractionnoflow,National,21
maxstorage_af,22.686842081697986,annualfractionnoflow,National,21
normstorage_af,20.491844226777463,annualfractionnoflow,National,21
majordams_n,15.322523915776223,annualfractionnoflow,National,21
wuse_mm,34.248812756220225,annualfractionnoflow,National,21
irrig_prc,26.119001934103007,annualfractionnoflow,National,21
lulc_water_prc,29.102206506827258,annualfractionnoflow,National,21
lulc_dev_prc,33.481696594999406,annualfractionnoflow,National,21
lulc_wetland_prc,30.979860912246583,annualfractionnoflow,National,21
lulc_forest_prc,32.440247893111525,annualfractionnoflow,National,21
lulc_barren_prc,35.68487318360753,annualfractionnoflow,National,21
lulc_grass_prc,43.84454083913233,annualfractionnoflow,National,21
lulc_ag_prc,26.010375348723066,annualfractionnoflow,National,21
drain_sqkm,48.2596100549616,annualfractionnoflow,National,21
elev_mean_m_basin,26.700691837697057,annualfractionnoflow,National,21
slope_pct,30.694082487814867,annualfractionnoflow,National,21
awcave,23.201850864549293,annualfractionnoflow,National,21
permave,46.88249895737569,annualfractionnoflow,National,21
topwet,26.889674463669074,annualfractionnoflow,National,21
depth_bedrock_m,25.917611801983764,annualfractionnoflow,National,21
porosity,24.618165406882845,annualfractionnoflow,National,21
storage_m,29.012628898301816,annualfractionnoflow,National,21
clayave,34.044300118584914,annualfractionnoflow,National,21
siltave,33.79082656754945,annualfractionnoflow,National,21
sandave,33.10724511293817,annualfractionnoflow,National,21
p_mm_cy,20.887305483326664,annualfractionnoflow,National,22
p_mm_jas,20.259876338275287,annualfractionnoflow,National,22
p_mm_ond,18.79233351475292,annualfractionnoflow,National,22
p_mm_jfm,19.611896186550076,annualfractionnoflow,National,22
p_mm_amj,13.882529317101916,annualfractionnoflow,National,22
pet_mm_cy,16.854833589711678,annualfractionnoflow,National,22
pet_mm_jas,17.574032403883887,annualfractionnoflow,National,22
pet_mm_ond,14.415281058850443,annualfractionnoflow,National,22
pet_mm_jfm,19.054812924512465,annualfractionnoflow,National,22
pet_mm_amj,23.266743278226254,annualfractionnoflow,National,22
T_max_c_cy,19.39401411306869,annualfractionnoflow,National,22
T_max_c_jas,22.587153066952574,annualfractionnoflow,National,22
T_max_c_ond,17.187510026368795,annualfractionnoflow,National,22
T_max_c_jfm,15.563005275463315,annualfractionnoflow,National,22
T_max_c_amj,18.54732373408302,annualfractionnoflow,National,22
swe_mm_cy,13.213499396729762,annualfractionnoflow,National,22
swe_mm_jas,2.42336784128591,annualfractionnoflow,National,22
swe_mm_ond,16.64720809437214,annualfractionnoflow,National,22
swe_mm_jfm,16.718450565191226,annualfractionnoflow,National,22
swe_mm_amj,11.337916517637982,annualfractionnoflow,National,22
p.pet_cy,21.732184865170854,annualfractionnoflow,National,22
swe.p_cy,17.518635620835216,annualfractionnoflow,National,22
p.pet_jfm,19.170013760037648,annualfractionnoflow,National,22
swe.p_jfm,15.72567344267714,annualfractionnoflow,National,22
p.pet_amj,19.826462154593436,annualfractionnoflow,National,22
swe.p_amj,9.421084607134022,annualfractionnoflow,National,22
p.pet_jas,23.447489525863887,annualfractionnoflow,National,22
swe.p_jas,5.908469063359924,annualfractionnoflow,National,22
p.pet_ond,18.3426140621004,annualfractionnoflow,National,22
swe.p_ond,18.973932290079784,annualfractionnoflow,National,22
p_mm_cy.previous,22.114785811074903,annualfractionnoflow,National,22
p_mm_jas.previous,15.166993930439363,annualfractionnoflow,National,22
p_mm_ond.previous,19.391605809477127,annualfractionnoflow,National,22
p_mm_jfm.previous,18.927751399535513,annualfractionnoflow,National,22
p_mm_amj.previous,14.88587374704008,annualfractionnoflow,National,22
pet_mm_cy.previous,13.56928107079197,annualfractionnoflow,National,22
pet_mm_jas.previous,15.13219617171767,annualfractionnoflow,National,22
pet_mm_ond.previous,13.6238089819493,annualfractionnoflow,National,22
pet_mm_jfm.previous,14.274252416121891,annualfractionnoflow,National,22
pet_mm_amj.previous,13.084152269240189,annualfractionnoflow,National,22
T_max_c_cy.previous,19.26747944208198,annualfractionnoflow,National,22
T_max_c_jas.previous,20.65811771722853,annualfractionnoflow,National,22
T_max_c_ond.previous,18.686664413896413,annualfractionnoflow,National,22
T_max_c_jfm.previous,15.546606618466168,annualfractionnoflow,National,22
T_max_c_amj.previous,15.341168488075812,annualfractionnoflow,National,22
swe_mm_cy.previous,15.606152137008094,annualfractionnoflow,National,22
swe_mm_jas.previous,2.6855500515558206,annualfractionnoflow,National,22
swe_mm_ond.previous,18.72171563156273,annualfractionnoflow,National,22
swe_mm_jfm.previous,17.418443489773754,annualfractionnoflow,National,22
swe_mm_amj.previous,13.664025164286917,annualfractionnoflow,National,22
p.pet_cy.previous,33.11137512203771,annualfractionnoflow,National,22
swe.p_cy.previous,16.658383422056716,annualfractionnoflow,National,22
p.pet_jfm.previous,16.643708203596695,annualfractionnoflow,National,22
swe.p_jfm.previous,19.552940124816054,annualfractionnoflow,National,22
p.pet_amj.previous,14.952053014159196,annualfractionnoflow,National,22
swe.p_amj.previous,9.557186566654705,annualfractionnoflow,National,22
p.pet_jas.previous,13.134703053120386,annualfractionnoflow,National,22
swe.p_jas.previous,2.994653919642917,annualfractionnoflow,National,22
p.pet_ond.previous,15.198699966354342,annualfractionnoflow,National,22
swe.p_ond.previous,16.692804789055018,annualfractionnoflow,National,22
dams_n,24.136489516376894,annualfractionnoflow,National,22
maxstorage_af,25.98253881985041,annualfractionnoflow,National,22
normstorage_af,25.051743264701315,annualfractionnoflow,National,22
majordams_n,16.507301890398637,annualfractionnoflow,National,22
wuse_mm,34.3550620110797,annualfractionnoflow,National,22
irrig_prc,32.4179133125154,annualfractionnoflow,National,22
lulc_water_prc,29.408317073374757,annualfractionnoflow,National,22
lulc_dev_prc,33.29994889446505,annualfractionnoflow,National,22
lulc_wetland_prc,35.64850819290606,annualfractionnoflow,National,22
lulc_forest_prc,36.72855602801181,annualfractionnoflow,National,22
lulc_barren_prc,33.44343586083075,annualfractionnoflow,National,22
lulc_grass_prc,41.38134955754184,annualfractionnoflow,National,22
lulc_ag_prc,31.21244313144747,annualfractionnoflow,National,22
drain_sqkm,55.93101367713282,annualfractionnoflow,National,22
elev_mean_m_basin,24.418428023454762,annualfractionnoflow,National,22
slope_pct,26.695098605161512,annualfractionnoflow,National,22
awcave,22.472188431910926,annualfractionnoflow,National,22
permave,52.61471839504572,annualfractionnoflow,National,22
topwet,31.99233663540607,annualfractionnoflow,National,22
depth_bedrock_m,21.281567642079423,annualfractionnoflow,National,22
porosity,34.273243824881924,annualfractionnoflow,National,22
storage_m,30.639592120949796,annualfractionnoflow,National,22
clayave,40.02524846348578,annualfractionnoflow,National,22
siltave,35.30849376244132,annualfractionnoflow,National,22
sandave,35.999243996696364,annualfractionnoflow,National,22
p_mm_cy,17.848511306740455,annualfractionnoflow,National,23
p_mm_jas,20.20222129026318,annualfractionnoflow,National,23
p_mm_ond,18.908073462128666,annualfractionnoflow,National,23
p_mm_jfm,14.925638177112159,annualfractionnoflow,National,23
p_mm_amj,15.950851029025191,annualfractionnoflow,National,23
pet_mm_cy,16.542897602849454,annualfractionnoflow,National,23
pet_mm_jas,21.58397015017328,annualfractionnoflow,National,23
pet_mm_ond,15.471263908519171,annualfractionnoflow,National,23
pet_mm_jfm,13.970076829151518,annualfractionnoflow,National,23
pet_mm_amj,19.70345338875649,annualfractionnoflow,National,23
T_max_c_cy,17.7681903999937,annualfractionnoflow,National,23
T_max_c_jas,19.819397162947816,annualfractionnoflow,National,23
T_max_c_ond,21.535558266454743,annualfractionnoflow,National,23
T_max_c_jfm,14.522067099541049,annualfractionnoflow,National,23
T_max_c_amj,18.19787674255391,annualfractionnoflow,National,23
swe_mm_cy,14.974235547734121,annualfractionnoflow,National,23
swe_mm_jas,2.1665934226161303,annualfractionnoflow,National,23
swe_mm_ond,15.213664170061287,annualfractionnoflow,National,23
swe_mm_jfm,13.118563206387275,annualfractionnoflow,National,23
swe_mm_amj,9.618346139865523,annualfractionnoflow,National,23
p.pet_cy,22.033832491404137,annualfractionnoflow,National,23
swe.p_cy,14.821485886904236,annualfractionnoflow,National,23
p.pet_jfm,17.506974721207914,annualfractionnoflow,National,23
swe.p_jfm,15.018046236203476,annualfractionnoflow,National,23
p.pet_amj,20.92247127433731,annualfractionnoflow,National,23
swe.p_amj,8.109415674140081,annualfractionnoflow,National,23
p.pet_jas,23.869305088371338,annualfractionnoflow,National,23
swe.p_jas,1.9504683332806867,annualfractionnoflow,National,23
p.pet_ond,18.31529683439742,annualfractionnoflow,National,23
swe.p_ond,16.065295530901203,annualfractionnoflow,National,23
p_mm_cy.previous,25.571752562438093,annualfractionnoflow,National,23
p_mm_jas.previous,13.961865591818194,annualfractionnoflow,National,23
p_mm_ond.previous,18.77931425217512,annualfractionnoflow,National,23
p_mm_jfm.previous,19.693740682930894,annualfractionnoflow,National,23
p_mm_amj.previous,10.142835512808084,annualfractionnoflow,National,23
pet_mm_cy.previous,15.055411726335592,annualfractionnoflow,National,23
pet_mm_jas.previous,22.197277110033255,annualfractionnoflow,National,23
pet_mm_ond.previous,16.3606717839756,annualfractionnoflow,National,23
pet_mm_jfm.previous,16.24571530422672,annualfractionnoflow,National,23
pet_mm_amj.previous,14.239235242745265,annualfractionnoflow,National,23
T_max_c_cy.previous,18.063208291334874,annualfractionnoflow,National,23
T_max_c_jas.previous,19.649995621540164,annualfractionnoflow,National,23
T_max_c_ond.previous,16.411941292068434,annualfractionnoflow,National,23
T_max_c_jfm.previous,20.482654527598868,annualfractionnoflow,National,23
T_max_c_amj.previous,16.686289280622,annualfractionnoflow,National,23
swe_mm_cy.previous,17.303236580606285,annualfractionnoflow,National,23
swe_mm_jas.previous,2.4712317704880973,annualfractionnoflow,National,23
swe_mm_ond.previous,14.150610947841413,annualfractionnoflow,National,23
swe_mm_jfm.previous,13.276760853214695,annualfractionnoflow,National,23
swe_mm_amj.previous,11.180409680970389,annualfractionnoflow,National,23
p.pet_cy.previous,29.56686548255763,annualfractionnoflow,National,23
swe.p_cy.previous,14.478976272516427,annualfractionnoflow,National,23
p.pet_jfm.previous,19.064079083477473,annualfractionnoflow,National,23
swe.p_jfm.previous,14.446277892767993,annualfractionnoflow,National,23
p.pet_amj.previous,10.346671711386776,annualfractionnoflow,National,23
swe.p_amj.previous,10.366704936372608,annualfractionnoflow,National,23
p.pet_jas.previous,16.238211897449606,annualfractionnoflow,National,23
swe.p_jas.previous,3.082280545307976,annualfractionnoflow,National,23
p.pet_ond.previous,19.331950317371184,annualfractionnoflow,National,23
swe.p_ond.previous,12.887539504166872,annualfractionnoflow,National,23
dams_n,21.379720274144464,annualfractionnoflow,National,23
maxstorage_af,22.541497020975058,annualfractionnoflow,National,23
normstorage_af,23.488852679128925,annualfractionnoflow,National,23
majordams_n,21.14809078780402,annualfractionnoflow,National,23
wuse_mm,34.25898391729612,annualfractionnoflow,National,23
irrig_prc,30.25269142256582,annualfractionnoflow,National,23
lulc_water_prc,28.879920203364406,annualfractionnoflow,National,23
lulc_dev_prc,33.23452452991046,annualfractionnoflow,National,23
lulc_wetland_prc,34.00989322612906,annualfractionnoflow,National,23
lulc_forest_prc,32.55332181588008,annualfractionnoflow,National,23
lulc_barren_prc,31.740616462333723,annualfractionnoflow,National,23
lulc_grass_prc,45.110888120007324,annualfractionnoflow,National,23
lulc_ag_prc,27.468628473543387,annualfractionnoflow,National,23
drain_sqkm,40.672950905636135,annualfractionnoflow,National,23
elev_mean_m_basin,26.979984106239343,annualfractionnoflow,National,23
slope_pct,29.088259211360956,annualfractionnoflow,National,23
awcave,25.998276237145838,annualfractionnoflow,National,23
permave,37.92374352360511,annualfractionnoflow,National,23
topwet,27.163488664528234,annualfractionnoflow,National,23
depth_bedrock_m,26.97883139599939,annualfractionnoflow,National,23
porosity,23.26590459476537,annualfractionnoflow,National,23
storage_m,25.1847458723564,annualfractionnoflow,National,23
clayave,34.175901339395054,annualfractionnoflow,National,23
siltave,35.30699292150448,annualfractionnoflow,National,23
sandave,36.06859564920291,annualfractionnoflow,National,23
p_mm_cy,19.107571433545587,annualfractionnoflow,National,24
p_mm_jas,19.337925934530624,annualfractionnoflow,National,24
p_mm_ond,18.26231225857496,annualfractionnoflow,National,24
p_mm_jfm,15.414913877257147,annualfractionnoflow,National,24
p_mm_amj,14.36304445277391,annualfractionnoflow,National,24
pet_mm_cy,15.45653303466513,annualfractionnoflow,National,24
pet_mm_jas,17.568981925896537,annualfractionnoflow,National,24
pet_mm_ond,13.16665286644308,annualfractionnoflow,National,24
pet_mm_jfm,17.60999212101226,annualfractionnoflow,National,24
pet_mm_amj,25.573940455763417,annualfractionnoflow,National,24
T_max_c_cy,19.35654204787634,annualfractionnoflow,National,24
T_max_c_jas,19.0718484749134,annualfractionnoflow,National,24
T_max_c_ond,19.30782313773067,annualfractionnoflow,National,24
T_max_c_jfm,16.721272094366515,annualfractionnoflow,National,24
T_max_c_amj,18.229175335376564,annualfractionnoflow,National,24
swe_mm_cy,14.76762093234446,annualfractionnoflow,National,24
swe_mm_jas,3.913728730372128,annualfractionnoflow,National,24
swe_mm_ond,16.53731042767143,annualfractionnoflow,National,24
swe_mm_jfm,17.152863717348687,annualfractionnoflow,National,24
swe_mm_amj,11.467165841724242,annualfractionnoflow,National,24
p.pet_cy,16.667527731130818,annualfractionnoflow,National,24
swe.p_cy,14.207949879360008,annualfractionnoflow,National,24
p.pet_jfm,19.5016187185953,annualfractionnoflow,National,24
swe.p_jfm,15.50690676812642,annualfractionnoflow,National,24
p.pet_amj,17.841342386180624,annualfractionnoflow,National,24
swe.p_amj,9.709095801083693,annualfractionnoflow,National,24
p.pet_jas,22.65145614905385,annualfractionnoflow,National,24
swe.p_jas,4.0290342329156275,annualfractionnoflow,National,24
p.pet_ond,18.926027691109798,annualfractionnoflow,National,24
swe.p_ond,19.340853109877685,annualfractionnoflow,National,24
p_mm_cy.previous,22.841151730585214,annualfractionnoflow,National,24
p_mm_jas.previous,13.475655991210045,annualfractionnoflow,National,24
p_mm_ond.previous,18.687289716949962,annualfractionnoflow,National,24
p_mm_jfm.previous,18.733433699527517,annualfractionnoflow,National,24
p_mm_amj.previous,13.699184255827978,annualfractionnoflow,National,24
pet_mm_cy.previous,14.422794940148014,annualfractionnoflow,National,24
pet_mm_jas.previous,17.59957606568394,annualfractionnoflow,National,24
pet_mm_ond.previous,12.337432691910015,annualfractionnoflow,National,24
pet_mm_jfm.previous,15.146735069042895,annualfractionnoflow,National,24
pet_mm_amj.previous,15.531743179992837,annualfractionnoflow,National,24
T_max_c_cy.previous,17.208245256163746,annualfractionnoflow,National,24
T_max_c_jas.previous,17.83200313709081,annualfractionnoflow,National,24
T_max_c_ond.previous,17.09181576434042,annualfractionnoflow,National,24
T_max_c_jfm.previous,18.6982207653851,annualfractionnoflow,National,24
T_max_c_amj.previous,14.98145565852016,annualfractionnoflow,National,24
swe_mm_cy.previous,14.510429720277195,annualfractionnoflow,National,24
swe_mm_jas.previous,3.755545379662246,annualfractionnoflow,National,24
swe_mm_ond.previous,12.013467802723515,annualfractionnoflow,National,24
swe_mm_jfm.previous,16.605798299589487,annualfractionnoflow,National,24
swe_mm_amj.previous,11.653398129753807,annualfractionnoflow,National,24
p.pet_cy.previous,24.57427031965083,annualfractionnoflow,National,24
swe.p_cy.previous,14.824211968760736,annualfractionnoflow,National,24
p.pet_jfm.previous,19.811955637822628,annualfractionnoflow,National,24
swe.p_jfm.previous,14.301670321846023,annualfractionnoflow,National,24
p.pet_amj.previous,9.797172273359374,annualfractionnoflow,National,24
swe.p_amj.previous,13.441835502831479,annualfractionnoflow,National,24
p.pet_jas.previous,14.722734920855117,annualfractionnoflow,National,24
swe.p_jas.previous,4.151975078514086,annualfractionnoflow,National,24
p.pet_ond.previous,21.1575197268402,annualfractionnoflow,National,24
swe.p_ond.previous,16.05439075774039,annualfractionnoflow,National,24
dams_n,17.89071691653898,annualfractionnoflow,National,24
maxstorage_af,23.572360192119806,annualfractionnoflow,National,24
normstorage_af,22.306133646268158,annualfractionnoflow,National,24
majordams_n,18.0037449491532,annualfractionnoflow,National,24
wuse_mm,31.5395980340613,annualfractionnoflow,National,24
irrig_prc,29.49023979506618,annualfractionnoflow,National,24
lulc_water_prc,37.832462965757706,annualfractionnoflow,National,24
lulc_dev_prc,28.736320076760364,annualfractionnoflow,National,24
lulc_wetland_prc,32.50501509848768,annualfractionnoflow,National,24
lulc_forest_prc,31.736328777758153,annualfractionnoflow,National,24
lulc_barren_prc,31.739947342096226,annualfractionnoflow,National,24
lulc_grass_prc,35.769276022645066,annualfractionnoflow,National,24
lulc_ag_prc,29.244811593968624,annualfractionnoflow,National,24
drain_sqkm,39.80405131467165,annualfractionnoflow,National,24
elev_mean_m_basin,26.06949273673302,annualfractionnoflow,National,24
slope_pct,25.99986237725489,annualfractionnoflow,National,24
awcave,27.4190664665408,annualfractionnoflow,National,24
permave,39.44431141449126,annualfractionnoflow,National,24
topwet,21.105063992131598,annualfractionnoflow,National,24
depth_bedrock_m,24.745160279320075,annualfractionnoflow,National,24
porosity,26.338327071077064,annualfractionnoflow,National,24
storage_m,22.40049151069245,annualfractionnoflow,National,24
clayave,38.4813454700935,annualfractionnoflow,National,24
siltave,34.48864060867468,annualfractionnoflow,National,24
sandave,37.43467505128825,annualfractionnoflow,National,24
p_mm_cy,23.10958278550942,annualfractionnoflow,National,25
p_mm_jas,19.225787300317027,annualfractionnoflow,National,25
p_mm_ond,16.01788654335092,annualfractionnoflow,National,25
p_mm_jfm,16.859231973628592,annualfractionnoflow,National,25
p_mm_amj,14.301100954391005,annualfractionnoflow,National,25
pet_mm_cy,15.888008583234349,annualfractionnoflow,National,25
pet_mm_jas,20.331955250918504,annualfractionnoflow,National,25
pet_mm_ond,12.844224940163999,annualfractionnoflow,National,25
pet_mm_jfm,14.563673923434594,annualfractionnoflow,National,25
pet_mm_amj,22.170660581902965,annualfractionnoflow,National,25
T_max_c_cy,15.997105357920699,annualfractionnoflow,National,25
T_max_c_jas,19.1923250432668,annualfractionnoflow,National,25
T_max_c_ond,16.99858494100057,annualfractionnoflow,National,25
T_max_c_jfm,14.700052717817416,annualfractionnoflow,National,25
T_max_c_amj,17.41813786284115,annualfractionnoflow,National,25
swe_mm_cy,15.411020716154196,annualfractionnoflow,National,25
swe_mm_jas,3.368989542879353,annualfractionnoflow,National,25
swe_mm_ond,17.210752214983643,annualfractionnoflow,National,25
swe_mm_jfm,13.75070590842208,annualfractionnoflow,National,25
swe_mm_amj,8.810193993114494,annualfractionnoflow,National,25
p.pet_cy,20.301755245563594,annualfractionnoflow,National,25
swe.p_cy,14.939146490739786,annualfractionnoflow,National,25
p.pet_jfm,18.893572555511216,annualfractionnoflow,National,25
swe.p_jfm,15.783362166639408,annualfractionnoflow,National,25
p.pet_amj,23.450451881923147,annualfractionnoflow,National,25
swe.p_amj,9.80104490985599,annualfractionnoflow,National,25
p.pet_jas,19.894704588037552,annualfractionnoflow,National,25
swe.p_jas,5.441381552471196,annualfractionnoflow,National,25
p.pet_ond,18.533659291600046,annualfractionnoflow,National,25
swe.p_ond,16.287689728052896,annualfractionnoflow,National,25
p_mm_cy.previous,21.198866732936,annualfractionnoflow,National,25
p_mm_jas.previous,16.51163124414744,annualfractionnoflow,National,25
p_mm_ond.previous,17.323835869299852,annualfractionnoflow,National,25
p_mm_jfm.previous,16.868375026623866,annualfractionnoflow,National,25
p_mm_amj.previous,10.680907025561536,annualfractionnoflow,National,25
pet_mm_cy.previous,14.110337588753637,annualfractionnoflow,National,25
pet_mm_jas.previous,17.829797296709117,annualfractionnoflow,National,25
pet_mm_ond.previous,13.544006156245867,annualfractionnoflow,National,25
pet_mm_jfm.previous,14.30078550178654,annualfractionnoflow,National,25
pet_mm_amj.previous,15.837754407366425,annualfractionnoflow,National,25
T_max_c_cy.previous,16.43755274307538,annualfractionnoflow,National,25
T_max_c_jas.previous,17.545037931418626,annualfractionnoflow,National,25
T_max_c_ond.previous,16.25188213422795,annualfractionnoflow,National,25
T_max_c_jfm.previous,14.944131465813715,annualfractionnoflow,National,25
T_max_c_amj.previous,15.603758363834773,annualfractionnoflow,National,25
swe_mm_cy.previous,13.247772883263362,annualfractionnoflow,National,25
swe_mm_jas.previous,0.18263308273581896,annualfractionnoflow,National,25
swe_mm_ond.previous,12.043228304488167,annualfractionnoflow,National,25
swe_mm_jfm.previous,14.142117199195415,annualfractionnoflow,National,25
swe_mm_amj.previous,11.449400314165432,annualfractionnoflow,National,25
p.pet_cy.previous,26.70357226112541,annualfractionnoflow,National,25
swe.p_cy.previous,17.559584080111055,annualfractionnoflow,National,25
p.pet_jfm.previous,19.920262648832388,annualfractionnoflow,National,25
swe.p_jfm.previous,15.849517521763508,annualfractionnoflow,National,25
p.pet_amj.previous,10.916092903455125,annualfractionnoflow,National,25
swe.p_amj.previous,11.062850542409187,annualfractionnoflow,National,25
p.pet_jas.previous,16.213576089170584,annualfractionnoflow,National,25
swe.p_jas.previous,1.8738557225088108,annualfractionnoflow,National,25
p.pet_ond.previous,14.96498947202005,annualfractionnoflow,National,25
swe.p_ond.previous,12.963598025522291,annualfractionnoflow,National,25
dams_n,20.205934354418105,annualfractionnoflow,National,25
maxstorage_af,22.63095247864049,annualfractionnoflow,National,25
normstorage_af,22.33580464159706,annualfractionnoflow,National,25
majordams_n,20.683313377435937,annualfractionnoflow,National,25
wuse_mm,38.83809132814929,annualfractionnoflow,National,25
irrig_prc,32.06896999364801,annualfractionnoflow,National,25
lulc_water_prc,33.91428242233077,annualfractionnoflow,National,25
lulc_dev_prc,32.68600689100166,annualfractionnoflow,National,25
lulc_wetland_prc,34.196544634440734,annualfractionnoflow,National,25
lulc_forest_prc,32.897826937760414,annualfractionnoflow,National,25
lulc_barren_prc,39.43162275516522,annualfractionnoflow,National,25
lulc_grass_prc,45.08741379436034,annualfractionnoflow,National,25
lulc_ag_prc,32.45239344170006,annualfractionnoflow,National,25
drain_sqkm,42.48926401688199,annualfractionnoflow,National,25
elev_mean_m_basin,29.161878353028058,annualfractionnoflow,National,25
slope_pct,26.401881423639026,annualfractionnoflow,National,25
awcave,25.365659320224648,annualfractionnoflow,National,25
permave,34.12835989674575,annualfractionnoflow,National,25
topwet,30.033593831948966,annualfractionnoflow,National,25
depth_bedrock_m,29.029840396958004,annualfractionnoflow,National,25
porosity,28.851331028712874,annualfractionnoflow,National,25
storage_m,24.224383623987322,annualfractionnoflow,National,25
clayave,32.2847362414359,annualfractionnoflow,National,25
siltave,34.508653114430984,annualfractionnoflow,National,25
sandave,35.49808649595957,annualfractionnoflow,National,25
p_mm_cy,19.60818204366075,annualfractionnoflow,National,26
p_mm_jas,19.937431091017352,annualfractionnoflow,National,26
p_mm_ond,23.028010077015423,annualfractionnoflow,National,26
p_mm_jfm,19.600221461769102,annualfractionnoflow,National,26
p_mm_amj,13.659989271339683,annualfractionnoflow,National,26
pet_mm_cy,16.595476149331667,annualfractionnoflow,National,26
pet_mm_jas,23.007519618223892,annualfractionnoflow,National,26
pet_mm_ond,14.552406719133739,annualfractionnoflow,National,26
pet_mm_jfm,13.233805080510939,annualfractionnoflow,National,26
pet_mm_amj,17.518077025778823,annualfractionnoflow,National,26
T_max_c_cy,19.254282220652215,annualfractionnoflow,National,26
T_max_c_jas,22.460041800067724,annualfractionnoflow,National,26
T_max_c_ond,18.37613841601229,annualfractionnoflow,National,26
T_max_c_jfm,15.750937185384887,annualfractionnoflow,National,26
T_max_c_amj,18.291897086530682,annualfractionnoflow,National,26
swe_mm_cy,17.103302726239725,annualfractionnoflow,National,26
swe_mm_jas,3.2829031029131555,annualfractionnoflow,National,26
swe_mm_ond,15.00765828984569,annualfractionnoflow,National,26
swe_mm_jfm,14.882881372909702,annualfractionnoflow,National,26
swe_mm_amj,12.616728526554324,annualfractionnoflow,National,26
p.pet_cy,20.49944959026605,annualfractionnoflow,National,26
swe.p_cy,16.85663269726229,annualfractionnoflow,National,26
p.pet_jfm,21.054367982599583,annualfractionnoflow,National,26
swe.p_jfm,11.43304567445491,annualfractionnoflow,National,26
p.pet_amj,21.34107559614258,annualfractionnoflow,National,26
swe.p_amj,10.750209483157454,annualfractionnoflow,National,26
p.pet_jas,24.643294120599464,annualfractionnoflow,National,26
swe.p_jas,3.4466022272918035,annualfractionnoflow,National,26
p.pet_ond,20.675720252924357,annualfractionnoflow,National,26
swe.p_ond,13.10611281159747,annualfractionnoflow,National,26
p_mm_cy.previous,20.80784949755034,annualfractionnoflow,National,26
p_mm_jas.previous,16.602979249444306,annualfractionnoflow,National,26
p_mm_ond.previous,18.61075924216266,annualfractionnoflow,National,26
p_mm_jfm.previous,18.547416091064147,annualfractionnoflow,National,26
p_mm_amj.previous,9.983700152730915,annualfractionnoflow,National,26
pet_mm_cy.previous,12.515866218047082,annualfractionnoflow,National,26
pet_mm_jas.previous,21.231273283421668,annualfractionnoflow,National,26
pet_mm_ond.previous,13.431449786956387,annualfractionnoflow,National,26
pet_mm_jfm.previous,14.591065573898835,annualfractionnoflow,National,26
pet_mm_amj.previous,17.881113351551154,annualfractionnoflow,National,26
T_max_c_cy.previous,17.79972222049199,annualfractionnoflow,National,26
T_max_c_jas.previous,20.32739066418911,annualfractionnoflow,National,26
T_max_c_ond.previous,17.66093238990478,annualfractionnoflow,National,26
T_max_c_jfm.previous,18.567239733068845,annualfractionnoflow,National,26
T_max_c_amj.previous,17.683579783123776,annualfractionnoflow,National,26
swe_mm_cy.previous,14.81398843270627,annualfractionnoflow,National,26
swe_mm_jas.previous,2.0983051077576453,annualfractionnoflow,National,26
swe_mm_ond.previous,10.631594221827756,annualfractionnoflow,National,26
swe_mm_jfm.previous,17.57020688598704,annualfractionnoflow,National,26
swe_mm_amj.previous,11.924549864076138,annualfractionnoflow,National,26
p.pet_cy.previous,32.62026003427276,annualfractionnoflow,National,26
swe.p_cy.previous,15.119193230444127,annualfractionnoflow,National,26
p.pet_jfm.previous,19.601664382259912,annualfractionnoflow,National,26
swe.p_jfm.previous,14.288150801521732,annualfractionnoflow,National,26
p.pet_amj.previous,9.927434892868039,annualfractionnoflow,National,26
swe.p_amj.previous,8.307611591220963,annualfractionnoflow,National,26
p.pet_jas.previous,15.48828247261474,annualfractionnoflow,National,26
swe.p_jas.previous,2.6156131307925126,annualfractionnoflow,National,26
p.pet_ond.previous,17.976981084911507,annualfractionnoflow,National,26
swe.p_ond.previous,16.386992623682428,annualfractionnoflow,National,26
dams_n,21.185412750300824,annualfractionnoflow,National,26
maxstorage_af,22.390615080521627,annualfractionnoflow,National,26
normstorage_af,20.097995005133505,annualfractionnoflow,National,26
majordams_n,20.61388493508569,annualfractionnoflow,National,26
wuse_mm,33.47076210457345,annualfractionnoflow,National,26
irrig_prc,30.43038233787551,annualfractionnoflow,National,26
lulc_water_prc,25.756517920337778,annualfractionnoflow,National,26
lulc_dev_prc,33.28444078600271,annualfractionnoflow,National,26
lulc_wetland_prc,35.35136448762214,annualfractionnoflow,National,26
lulc_forest_prc,37.52684749939104,annualfractionnoflow,National,26
lulc_barren_prc,37.34827889212319,annualfractionnoflow,National,26
lulc_grass_prc,37.52967482153387,annualfractionnoflow,National,26
lulc_ag_prc,29.871944001914336,annualfractionnoflow,National,26
drain_sqkm,41.01465271689814,annualfractionnoflow,National,26
elev_mean_m_basin,27.248299584236378,annualfractionnoflow,National,26
slope_pct,32.5951545970128,annualfractionnoflow,National,26
awcave,19.969850895576624,annualfractionnoflow,National,26
permave,39.357544320636116,annualfractionnoflow,National,26
topwet,30.481684308449125,annualfractionnoflow,National,26
depth_bedrock_m,24.837199290623083,annualfractionnoflow,National,26
porosity,28.250397643489578,annualfractionnoflow,National,26
storage_m,29.428648895177616,annualfractionnoflow,National,26
clayave,36.33210846856801,annualfractionnoflow,National,26
siltave,39.78451241845269,annualfractionnoflow,National,26
sandave,34.08063431014789,annualfractionnoflow,National,26
p_mm_cy,18.519093233842074,annualfractionnoflow,National,27
p_mm_jas,21.42491792014861,annualfractionnoflow,National,27
p_mm_ond,20.21069640824472,annualfractionnoflow,National,27
p_mm_jfm,15.705612277088292,annualfractionnoflow,National,27
p_mm_amj,16.331863726521373,annualfractionnoflow,National,27
pet_mm_cy,16.794819760631373,annualfractionnoflow,National,27
pet_mm_jas,20.317690830634643,annualfractionnoflow,National,27
pet_mm_ond,14.508472936103239,annualfractionnoflow,National,27
pet_mm_jfm,14.84886697720829,annualfractionnoflow,National,27
pet_mm_amj,22.941835482979144,annualfractionnoflow,National,27
T_max_c_cy,16.867031141177012,annualfractionnoflow,National,27
T_max_c_jas,22.39903744170545,annualfractionnoflow,National,27
T_max_c_ond,16.986794671671074,annualfractionnoflow,National,27
T_max_c_jfm,15.773645342181966,annualfractionnoflow,National,27
T_max_c_amj,14.01567228325141,annualfractionnoflow,National,27
swe_mm_cy,13.759867961879296,annualfractionnoflow,National,27
swe_mm_jas,4.964801952445227,annualfractionnoflow,National,27
swe_mm_ond,15.200967192124454,annualfractionnoflow,National,27
swe_mm_jfm,11.93005181226091,annualfractionnoflow,National,27
swe_mm_amj,12.026459488715671,annualfractionnoflow,National,27
p.pet_cy,20.796898376857044,annualfractionnoflow,National,27
swe.p_cy,14.128714782678815,annualfractionnoflow,National,27
p.pet_jfm,18.142259775968224,annualfractionnoflow,National,27
swe.p_jfm,12.914098233681376,annualfractionnoflow,National,27
p.pet_amj,25.532003880348608,annualfractionnoflow,National,27
swe.p_amj,10.154318619296603,annualfractionnoflow,National,27
p.pet_jas,28.13947264259194,annualfractionnoflow,National,27
swe.p_jas,5.6535617267798095,annualfractionnoflow,National,27
p.pet_ond,20.550176050421527,annualfractionnoflow,National,27
swe.p_ond,16.635938358840992,annualfractionnoflow,National,27
p_mm_cy.previous,19.583499185197596,annualfractionnoflow,National,27
p_mm_jas.previous,14.281326951454899,annualfractionnoflow,National,27
p_mm_ond.previous,18.62517446967096,annualfractionnoflow,National,27
p_mm_jfm.previous,17.40799773382182,annualfractionnoflow,National,27
p_mm_amj.previous,9.562789659604578,annualfractionnoflow,National,27
pet_mm_cy.previous,18.83971547702457,annualfractionnoflow,National,27
pet_mm_jas.previous,19.983225958492188,annualfractionnoflow,National,27
pet_mm_ond.previous,14.759986563724006,annualfractionnoflow,National,27
pet_mm_jfm.previous,15.604218572178835,annualfractionnoflow,National,27
pet_mm_amj.previous,14.710073731070265,annualfractionnoflow,National,27
T_max_c_cy.previous,17.548672530047163,annualfractionnoflow,National,27
T_max_c_jas.previous,21.44747628882356,annualfractionnoflow,National,27
T_max_c_ond.previous,15.783365187743225,annualfractionnoflow,National,27
T_max_c_jfm.previous,17.73723662236967,annualfractionnoflow,National,27
T_max_c_amj.previous,15.754190634042262,annualfractionnoflow,National,27
swe_mm_cy.previous,15.19761856343804,annualfractionnoflow,National,27
swe_mm_jas.previous,3.4939659105158807,annualfractionnoflow,National,27
swe_mm_ond.previous,12.393164893204306,annualfractionnoflow,National,27
swe_mm_jfm.previous,15.148674775447855,annualfractionnoflow,National,27
swe_mm_amj.previous,12.862221289071769,annualfractionnoflow,National,27
p.pet_cy.previous,24.1720042358318,annualfractionnoflow,National,27
swe.p_cy.previous,12.837406099366918,annualfractionnoflow,National,27
p.pet_jfm.previous,20.417353363315094,annualfractionnoflow,National,27
swe.p_jfm.previous,14.47258239998029,annualfractionnoflow,National,27
p.pet_amj.previous,10.040063126702881,annualfractionnoflow,National,27
swe.p_amj.previous,9.21734524551983,annualfractionnoflow,National,27
p.pet_jas.previous,13.87217633820357,annualfractionnoflow,National,27
swe.p_jas.previous,4.700790893937461,annualfractionnoflow,National,27
p.pet_ond.previous,18.77586189601522,annualfractionnoflow,National,27
swe.p_ond.previous,12.828209439718279,annualfractionnoflow,National,27
dams_n,19.19436121774301,annualfractionnoflow,National,27
maxstorage_af,21.266195217209003,annualfractionnoflow,National,27
normstorage_af,20.662486340330428,annualfractionnoflow,National,27
majordams_n,17.699876232187638,annualfractionnoflow,National,27
wuse_mm,32.398186603063174,annualfractionnoflow,National,27
irrig_prc,26.079465481975863,annualfractionnoflow,National,27
lulc_water_prc,30.908978390979986,annualfractionnoflow,National,27
lulc_dev_prc,36.29010064999525,annualfractionnoflow,National,27
lulc_wetland_prc,34.034884336993244,annualfractionnoflow,National,27
lulc_forest_prc,31.22607806050168,annualfractionnoflow,National,27
lulc_barren_prc,31.450899948363663,annualfractionnoflow,National,27
lulc_grass_prc,37.36458307192968,annualfractionnoflow,National,27
lulc_ag_prc,26.749855873498117,annualfractionnoflow,National,27
drain_sqkm,37.89355497821312,annualfractionnoflow,National,27
elev_mean_m_basin,30.919505240141135,annualfractionnoflow,National,27
slope_pct,28.817152411789266,annualfractionnoflow,National,27
awcave,22.33250596132451,annualfractionnoflow,National,27
permave,43.60969691395212,annualfractionnoflow,National,27
topwet,29.600003218042218,annualfractionnoflow,National,27
depth_bedrock_m,23.634167554755205,annualfractionnoflow,National,27
porosity,25.814411637229853,annualfractionnoflow,National,27
storage_m,23.252694063024258,annualfractionnoflow,National,27
clayave,37.165080075768095,annualfractionnoflow,National,27
siltave,34.01606729144721,annualfractionnoflow,National,27
sandave,34.4322484216092,annualfractionnoflow,National,27
p_mm_cy,21.203671344887255,annualfractionnoflow,National,28
p_mm_jas,20.37008975831143,annualfractionnoflow,National,28
p_mm_ond,21.23324363018895,annualfractionnoflow,National,28
p_mm_jfm,17.9634018375826,annualfractionnoflow,National,28
p_mm_amj,15.621651006525681,annualfractionnoflow,National,28
pet_mm_cy,16.427623685333483,annualfractionnoflow,National,28
pet_mm_jas,17.78222953644184,annualfractionnoflow,National,28
pet_mm_ond,13.630844354044811,annualfractionnoflow,National,28
pet_mm_jfm,18.055834260262667,annualfractionnoflow,National,28
pet_mm_amj,21.972853997788015,annualfractionnoflow,National,28
T_max_c_cy,16.015843545013343,annualfractionnoflow,National,28
T_max_c_jas,17.55229760590352,annualfractionnoflow,National,28
T_max_c_ond,15.041133443499511,annualfractionnoflow,National,28
T_max_c_jfm,15.197253573929055,annualfractionnoflow,National,28
T_max_c_amj,15.410416055532929,annualfractionnoflow,National,28
swe_mm_cy,12.873411962409861,annualfractionnoflow,National,28
swe_mm_jas,2.927176134561952,annualfractionnoflow,National,28
swe_mm_ond,14.005372764757686,annualfractionnoflow,National,28
swe_mm_jfm,14.130717064776832,annualfractionnoflow,National,28
swe_mm_amj,10.806212330595178,annualfractionnoflow,National,28
p.pet_cy,22.03626301102452,annualfractionnoflow,National,28
swe.p_cy,16.43482355834395,annualfractionnoflow,National,28
p.pet_jfm,21.028719361718686,annualfractionnoflow,National,28
swe.p_jfm,14.784855468142325,annualfractionnoflow,National,28
p.pet_amj,23.84744803526647,annualfractionnoflow,National,28
swe.p_amj,10.181926878408975,annualfractionnoflow,National,28
p.pet_jas,21.509825285261297,annualfractionnoflow,National,28
swe.p_jas,-0.20599278207943603,annualfractionnoflow,National,28
p.pet_ond,20.16025897324069,annualfractionnoflow,National,28
swe.p_ond,16.974359045660385,annualfractionnoflow,National,28
p_mm_cy.previous,21.975404854006587,annualfractionnoflow,National,28
p_mm_jas.previous,17.788913605039433,annualfractionnoflow,National,28
p_mm_ond.previous,20.206556637965505,annualfractionnoflow,National,28
p_mm_jfm.previous,19.586256706166314,annualfractionnoflow,National,28
p_mm_amj.previous,8.975148892836911,annualfractionnoflow,National,28
pet_mm_cy.previous,16.3055686715462,annualfractionnoflow,National,28
pet_mm_jas.previous,18.601885740398345,annualfractionnoflow,National,28
pet_mm_ond.previous,14.391674298345052,annualfractionnoflow,National,28
pet_mm_jfm.previous,16.873192657775686,annualfractionnoflow,National,28
pet_mm_amj.previous,15.122843984872922,annualfractionnoflow,National,28
T_max_c_cy.previous,19.262109446683958,annualfractionnoflow,National,28
T_max_c_jas.previous,19.698250442431018,annualfractionnoflow,National,28
T_max_c_ond.previous,17.281015682563858,annualfractionnoflow,National,28
T_max_c_jfm.previous,17.657182885857054,annualfractionnoflow,National,28
T_max_c_amj.previous,16.617175109237813,annualfractionnoflow,National,28
swe_mm_cy.previous,13.786335398053554,annualfractionnoflow,National,28
swe_mm_jas.previous,-1.025439733745929,annualfractionnoflow,National,28
swe_mm_ond.previous,11.021176704402647,annualfractionnoflow,National,28
swe_mm_jfm.previous,11.538819391693709,annualfractionnoflow,National,28
swe_mm_amj.previous,10.398995493309204,annualfractionnoflow,National,28
p.pet_cy.previous,26.447123622998973,annualfractionnoflow,National,28
swe.p_cy.previous,16.54518001010265,annualfractionnoflow,National,28
p.pet_jfm.previous,17.624402526232178,annualfractionnoflow,National,28
swe.p_jfm.previous,13.258868391660382,annualfractionnoflow,National,28
p.pet_amj.previous,9.649556073064758,annualfractionnoflow,National,28
swe.p_amj.previous,11.26285134436252,annualfractionnoflow,National,28
p.pet_jas.previous,15.752672368600374,annualfractionnoflow,National,28
swe.p_jas.previous,0.030581591048448264,annualfractionnoflow,National,28
p.pet_ond.previous,16.37793966109488,annualfractionnoflow,National,28
swe.p_ond.previous,12.713141443294788,annualfractionnoflow,National,28
dams_n,21.184768254810983,annualfractionnoflow,National,28
maxstorage_af,24.810297575965382,annualfractionnoflow,National,28
normstorage_af,25.26814294708015,annualfractionnoflow,National,28
majordams_n,24.1953775832882,annualfractionnoflow,National,28
wuse_mm,34.2907716876646,annualfractionnoflow,National,28
irrig_prc,31.517987834861042,annualfractionnoflow,National,28
lulc_water_prc,30.006828997965066,annualfractionnoflow,National,28
lulc_dev_prc,33.95641301722015,annualfractionnoflow,National,28
lulc_wetland_prc,34.11441841297929,annualfractionnoflow,National,28
lulc_forest_prc,28.61044668468505,annualfractionnoflow,National,28
lulc_barren_prc,33.55830287512201,annualfractionnoflow,National,28
lulc_grass_prc,33.494462302442564,annualfractionnoflow,National,28
lulc_ag_prc,31.37817706249306,annualfractionnoflow,National,28
drain_sqkm,45.243258908771466,annualfractionnoflow,National,28
elev_mean_m_basin,30.858502127383534,annualfractionnoflow,National,28
slope_pct,21.223494384233042,annualfractionnoflow,National,28
awcave,24.988408768113096,annualfractionnoflow,National,28
permave,44.5891375379746,annualfractionnoflow,National,28
topwet,26.68681279479448,annualfractionnoflow,National,28
depth_bedrock_m,21.203162980250852,annualfractionnoflow,National,28
porosity,27.794394171175203,annualfractionnoflow,National,28
storage_m,24.307718984793187,annualfractionnoflow,National,28
clayave,37.31617656900349,annualfractionnoflow,National,28
siltave,35.298663659437615,annualfractionnoflow,National,28
sandave,35.612226440392966,annualfractionnoflow,National,28
p_mm_cy,20.16533805559766,annualfractionnoflow,National,29
p_mm_jas,20.33383886353609,annualfractionnoflow,National,29
p_mm_ond,21.082810854123025,annualfractionnoflow,National,29
p_mm_jfm,18.401048413552797,annualfractionnoflow,National,29
p_mm_amj,14.467526785232613,annualfractionnoflow,National,29
pet_mm_cy,14.892833654776997,annualfractionnoflow,National,29
pet_mm_jas,23.879303443206616,annualfractionnoflow,National,29
pet_mm_ond,12.679037188215508,annualfractionnoflow,National,29
pet_mm_jfm,12.655044442425181,annualfractionnoflow,National,29
pet_mm_amj,19.38277638718957,annualfractionnoflow,National,29
T_max_c_cy,17.945805728457284,annualfractionnoflow,National,29
T_max_c_jas,22.475208741873697,annualfractionnoflow,National,29
T_max_c_ond,19.667323912948007,annualfractionnoflow,National,29
T_max_c_jfm,14.200709894208472,annualfractionnoflow,National,29
T_max_c_amj,16.27512903566882,annualfractionnoflow,National,29
swe_mm_cy,12.924659561052241,annualfractionnoflow,National,29
swe_mm_jas,3.825785405872804,annualfractionnoflow,National,29
swe_mm_ond,17.417654729962777,annualfractionnoflow,National,29
swe_mm_jfm,17.171670289641604,annualfractionnoflow,National,29
swe_mm_amj,11.418568105031214,annualfractionnoflow,National,29
p.pet_cy,17.655430844610386,annualfractionnoflow,National,29
swe.p_cy,17.777570867256035,annualfractionnoflow,National,29
p.pet_jfm,19.43370011125149,annualfractionnoflow,National,29
swe.p_jfm,14.440984113049863,annualfractionnoflow,National,29
p.pet_amj,22.934366677274536,annualfractionnoflow,National,29
swe.p_amj,8.584499304155175,annualfractionnoflow,National,29
p.pet_jas,20.38502780322499,annualfractionnoflow,National,29
swe.p_jas,4.262099303961096,annualfractionnoflow,National,29
p.pet_ond,20.191891214470825,annualfractionnoflow,National,29
swe.p_ond,17.860704790952017,annualfractionnoflow,National,29
p_mm_cy.previous,19.63242722749363,annualfractionnoflow,National,29
p_mm_jas.previous,13.833686281879485,annualfractionnoflow,National,29
p_mm_ond.previous,22.712202538482376,annualfractionnoflow,National,29
p_mm_jfm.previous,19.804001196821822,annualfractionnoflow,National,29
p_mm_amj.previous,13.388793983016582,annualfractionnoflow,National,29
pet_mm_cy.previous,13.392557604511815,annualfractionnoflow,National,29
pet_mm_jas.previous,23.198491201148045,annualfractionnoflow,National,29
pet_mm_ond.previous,12.229274030622516,annualfractionnoflow,National,29
pet_mm_jfm.previous,13.250010998887717,annualfractionnoflow,National,29
pet_mm_amj.previous,14.72340377174392,annualfractionnoflow,National,29
T_max_c_cy.previous,16.16769169392988,annualfractionnoflow,National,29
T_max_c_jas.previous,20.18434451427322,annualfractionnoflow,National,29
T_max_c_ond.previous,17.350310480011668,annualfractionnoflow,National,29
T_max_c_jfm.previous,17.994572878111978,annualfractionnoflow,National,29
T_max_c_amj.previous,14.783347822901938,annualfractionnoflow,National,29
swe_mm_cy.previous,17.33169144075375,annualfractionnoflow,National,29
swe_mm_jas.previous,3.3480446581942367,annualfractionnoflow,National,29
swe_mm_ond.previous,14.436503151439396,annualfractionnoflow,National,29
swe_mm_jfm.previous,14.493938283737279,annualfractionnoflow,National,29
swe_mm_amj.previous,12.075620553878696,annualfractionnoflow,National,29
p.pet_cy.previous,28.54828333584447,annualfractionnoflow,National,29
swe.p_cy.previous,16.75944669783682,annualfractionnoflow,National,29
p.pet_jfm.previous,19.346262659400246,annualfractionnoflow,National,29
swe.p_jfm.previous,15.399001993835721,annualfractionnoflow,National,29
p.pet_amj.previous,8.789902939271572,annualfractionnoflow,National,29
swe.p_amj.previous,11.63331440754276,annualfractionnoflow,National,29
p.pet_jas.previous,14.187514334574987,annualfractionnoflow,National,29
swe.p_jas.previous,5.127848406772102,annualfractionnoflow,National,29
p.pet_ond.previous,16.742832630887207,annualfractionnoflow,National,29
swe.p_ond.previous,17.158583749983034,annualfractionnoflow,National,29
dams_n,19.93629324200262,annualfractionnoflow,National,29
maxstorage_af,19.781444045272586,annualfractionnoflow,National,29
normstorage_af,26.075925013014636,annualfractionnoflow,National,29
majordams_n,17.343376332670708,annualfractionnoflow,National,29
wuse_mm,34.44465308040767,annualfractionnoflow,National,29
irrig_prc,32.93141659334828,annualfractionnoflow,National,29
lulc_water_prc,28.180519526875955,annualfractionnoflow,National,29
lulc_dev_prc,35.78737847930403,annualfractionnoflow,National,29
lulc_wetland_prc,32.51570612049622,annualfractionnoflow,National,29
lulc_forest_prc,32.41424383750519,annualfractionnoflow,National,29
lulc_barren_prc,36.418950411015395,annualfractionnoflow,National,29
lulc_grass_prc,37.619109249209544,annualfractionnoflow,National,29
lulc_ag_prc,29.326476361338358,annualfractionnoflow,National,29
drain_sqkm,37.3992619328527,annualfractionnoflow,National,29
elev_mean_m_basin,28.033305621513858,annualfractionnoflow,National,29
slope_pct,24.278154296547914,annualfractionnoflow,National,29
awcave,23.580570103133372,annualfractionnoflow,National,29
permave,39.70716386801433,annualfractionnoflow,National,29
topwet,28.83127974333487,annualfractionnoflow,National,29
depth_bedrock_m,24.697703969280738,annualfractionnoflow,National,29
porosity,25.054367356894026,annualfractionnoflow,National,29
storage_m,25.62299877357248,annualfractionnoflow,National,29
clayave,34.79057032851169,annualfractionnoflow,National,29
siltave,37.74389111850385,annualfractionnoflow,National,29
sandave,33.01783318141902,annualfractionnoflow,National,29
p_mm_cy,20.409461946264667,annualfractionnoflow,National,30
p_mm_jas,17.066824594651276,annualfractionnoflow,National,30
p_mm_ond,22.292663695075547,annualfractionnoflow,National,30
p_mm_jfm,18.18654661563684,annualfractionnoflow,National,30
p_mm_amj,12.858755780657331,annualfractionnoflow,National,30
pet_mm_cy,15.008874228035102,annualfractionnoflow,National,30
pet_mm_jas,19.263472960185076,annualfractionnoflow,National,30
pet_mm_ond,13.275166814217982,annualfractionnoflow,National,30
pet_mm_jfm,16.67066408736486,annualfractionnoflow,National,30
pet_mm_amj,23.477580313406936,annualfractionnoflow,National,30
T_max_c_cy,17.77192818309272,annualfractionnoflow,National,30
T_max_c_jas,23.851358904724613,annualfractionnoflow,National,30
T_max_c_ond,18.87203228856413,annualfractionnoflow,National,30
T_max_c_jfm,17.250150444640514,annualfractionnoflow,National,30
T_max_c_amj,20.126237234509034,annualfractionnoflow,National,30
swe_mm_cy,15.179706450787915,annualfractionnoflow,National,30
swe_mm_jas,4.714854867058312,annualfractionnoflow,National,30
swe_mm_ond,13.664164948493733,annualfractionnoflow,National,30
swe_mm_jfm,17.26036341092549,annualfractionnoflow,National,30
swe_mm_amj,12.296088990156623,annualfractionnoflow,National,30
p.pet_cy,18.41582751145672,annualfractionnoflow,National,30
swe.p_cy,14.509786195346214,annualfractionnoflow,National,30
p.pet_jfm,18.840842757964637,annualfractionnoflow,National,30
swe.p_jfm,13.339297444139937,annualfractionnoflow,National,30
p.pet_amj,23.607500765500806,annualfractionnoflow,National,30
swe.p_amj,9.786043713110038,annualfractionnoflow,National,30
p.pet_jas,20.14934810436236,annualfractionnoflow,National,30
swe.p_jas,5.808930959210404,annualfractionnoflow,National,30
p.pet_ond,22.297783927951333,annualfractionnoflow,National,30
swe.p_ond,17.34169928363288,annualfractionnoflow,National,30
p_mm_cy.previous,23.316374691272348,annualfractionnoflow,National,30
p_mm_jas.previous,14.189235187176045,annualfractionnoflow,National,30
p_mm_ond.previous,17.941798948768252,annualfractionnoflow,National,30
p_mm_jfm.previous,18.655834395012405,annualfractionnoflow,National,30
p_mm_amj.previous,9.386025811771804,annualfractionnoflow,National,30
pet_mm_cy.previous,15.758098177361221,annualfractionnoflow,National,30
pet_mm_jas.previous,18.351772717574097,annualfractionnoflow,National,30
pet_mm_ond.previous,15.488136109541525,annualfractionnoflow,National,30
pet_mm_jfm.previous,12.900462272265901,annualfractionnoflow,National,30
pet_mm_amj.previous,11.60708827331374,annualfractionnoflow,National,30
T_max_c_cy.previous,15.99979663750093,annualfractionnoflow,National,30
T_max_c_jas.previous,19.910056099217066,annualfractionnoflow,National,30
T_max_c_ond.previous,16.240566403277157,annualfractionnoflow,National,30
T_max_c_jfm.previous,18.094129257920773,annualfractionnoflow,National,30
T_max_c_amj.previous,19.89363514912023,annualfractionnoflow,National,30
swe_mm_cy.previous,16.08104362500334,annualfractionnoflow,National,30
swe_mm_jas.previous,3.0581106463175014,annualfractionnoflow,National,30
swe_mm_ond.previous,14.651770367270007,annualfractionnoflow,National,30
swe_mm_jfm.previous,16.197673934886655,annualfractionnoflow,National,30
swe_mm_amj.previous,9.055389290352501,annualfractionnoflow,National,30
p.pet_cy.previous,26.092786688128392,annualfractionnoflow,National,30
swe.p_cy.previous,14.61422251978467,annualfractionnoflow,National,30
p.pet_jfm.previous,20.117561342059503,annualfractionnoflow,National,30
swe.p_jfm.previous,15.832687813782304,annualfractionnoflow,National,30
p.pet_amj.previous,11.257787287996653,annualfractionnoflow,National,30
swe.p_amj.previous,10.668301778696426,annualfractionnoflow,National,30
p.pet_jas.previous,18.960762253561086,annualfractionnoflow,National,30
swe.p_jas.previous,4.048046570930133,annualfractionnoflow,National,30
p.pet_ond.previous,18.716836560480488,annualfractionnoflow,National,30
swe.p_ond.previous,13.60666319505166,annualfractionnoflow,National,30
dams_n,20.276673328697285,annualfractionnoflow,National,30
maxstorage_af,19.686402407073786,annualfractionnoflow,National,30
normstorage_af,25.07119413605238,annualfractionnoflow,National,30
majordams_n,17.98656087881852,annualfractionnoflow,National,30
wuse_mm,35.45143538067428,annualfractionnoflow,National,30
irrig_prc,28.70485860920444,annualfractionnoflow,National,30
lulc_water_prc,29.703457848559278,annualfractionnoflow,National,30
lulc_dev_prc,33.535774510903984,annualfractionnoflow,National,30
lulc_wetland_prc,30.099151367722133,annualfractionnoflow,National,30
lulc_forest_prc,32.91927019159594,annualfractionnoflow,National,30
lulc_barren_prc,38.28244820757022,annualfractionnoflow,National,30
lulc_grass_prc,38.03550029565599,annualfractionnoflow,National,30
lulc_ag_prc,29.749629457087025,annualfractionnoflow,National,30
drain_sqkm,38.084121105508096,annualfractionnoflow,National,30
elev_mean_m_basin,29.387853912270607,annualfractionnoflow,National,30
slope_pct,29.46881989318518,annualfractionnoflow,National,30
awcave,23.15167802196596,annualfractionnoflow,National,30
permave,33.880773567635,annualfractionnoflow,National,30
topwet,20.483764905556644,annualfractionnoflow,National,30
depth_bedrock_m,29.261902186476462,annualfractionnoflow,National,30
porosity,28.97452353124277,annualfractionnoflow,National,30
storage_m,26.65334004614129,annualfractionnoflow,National,30
clayave,37.82016389311742,annualfractionnoflow,National,30
siltave,32.89056444877015,annualfractionnoflow,National,30
sandave,34.85823351900719,annualfractionnoflow,National,30
p_mm_cy,20.939065696383945,annualfractionnoflow,National,31
p_mm_jas,19.24000232215475,annualfractionnoflow,National,31
p_mm_ond,21.25307186490452,annualfractionnoflow,National,31
p_mm_jfm,17.952256608006167,annualfractionnoflow,National,31
p_mm_amj,15.444121409187126,annualfractionnoflow,National,31
pet_mm_cy,18.621896272450943,annualfractionnoflow,National,31
pet_mm_jas,17.054788078623737,annualfractionnoflow,National,31
pet_mm_ond,15.441151356684868,annualfractionnoflow,National,31
pet_mm_jfm,15.199660530719504,annualfractionnoflow,National,31
pet_mm_amj,26.114957495711785,annualfractionnoflow,National,31
T_max_c_cy,17.18780235058324,annualfractionnoflow,National,31
T_max_c_jas,21.512610562736192,annualfractionnoflow,National,31
T_max_c_ond,17.481887341872273,annualfractionnoflow,National,31
T_max_c_jfm,16.32392370019242,annualfractionnoflow,National,31
T_max_c_amj,19.290200532925663,annualfractionnoflow,National,31
swe_mm_cy,16.931851389407242,annualfractionnoflow,National,31
swe_mm_jas,3.5469874597150985,annualfractionnoflow,National,31
swe_mm_ond,18.290822078076758,annualfractionnoflow,National,31
swe_mm_jfm,17.02529649751663,annualfractionnoflow,National,31
swe_mm_amj,12.259916295330347,annualfractionnoflow,National,31
p.pet_cy,18.272818805616065,annualfractionnoflow,National,31
swe.p_cy,16.76005940406026,annualfractionnoflow,National,31
p.pet_jfm,18.683690063298204,annualfractionnoflow,National,31
swe.p_jfm,15.90039770766612,annualfractionnoflow,National,31
p.pet_amj,22.85344368279838,annualfractionnoflow,National,31
swe.p_amj,11.039741048508706,annualfractionnoflow,National,31
p.pet_jas,23.726985699421856,annualfractionnoflow,National,31
swe.p_jas,3.9129198242253986,annualfractionnoflow,National,31
p.pet_ond,20.2877720801717,annualfractionnoflow,National,31
swe.p_ond,15.813790438405745,annualfractionnoflow,National,31
p_mm_cy.previous,23.89340809047346,annualfractionnoflow,National,31
p_mm_jas.previous,14.497748498098314,annualfractionnoflow,National,31
p_mm_ond.previous,19.618737659487795,annualfractionnoflow,National,31
p_mm_jfm.previous,19.87730784113811,annualfractionnoflow,National,31
p_mm_amj.previous,8.945342707141295,annualfractionnoflow,National,31
pet_mm_cy.previous,16.630290943603725,annualfractionnoflow,National,31
pet_mm_jas.previous,20.085121339304525,annualfractionnoflow,National,31
pet_mm_ond.previous,12.562456683491446,annualfractionnoflow,National,31
pet_mm_jfm.previous,13.606437923155172,annualfractionnoflow,National,31
pet_mm_amj.previous,14.121890974281749,annualfractionnoflow,National,31
T_max_c_cy.previous,16.701422487798833,annualfractionnoflow,National,31
T_max_c_jas.previous,18.54126223001994,annualfractionnoflow,National,31
T_max_c_ond.previous,17.965872735377868,annualfractionnoflow,National,31
T_max_c_jfm.previous,16.033641256944218,annualfractionnoflow,National,31
T_max_c_amj.previous,17.12159097830271,annualfractionnoflow,National,31
swe_mm_cy.previous,17.461399814826038,annualfractionnoflow,National,31
swe_mm_jas.previous,2.1473892618058397,annualfractionnoflow,National,31
swe_mm_ond.previous,19.461549299715323,annualfractionnoflow,National,31
swe_mm_jfm.previous,12.363988074775818,annualfractionnoflow,National,31
swe_mm_amj.previous,9.794426227762386,annualfractionnoflow,National,31
p.pet_cy.previous,22.146632165690214,annualfractionnoflow,National,31
swe.p_cy.previous,16.62585732912252,annualfractionnoflow,National,31
p.pet_jfm.previous,20.842016651991013,annualfractionnoflow,National,31
swe.p_jfm.previous,14.118179406952795,annualfractionnoflow,National,31
p.pet_amj.previous,11.489597887093801,annualfractionnoflow,National,31
swe.p_amj.previous,11.292848316427717,annualfractionnoflow,National,31
p.pet_jas.previous,14.304690694284044,annualfractionnoflow,National,31
swe.p_jas.previous,2.4877398174894867,annualfractionnoflow,National,31
p.pet_ond.previous,19.835566000692364,annualfractionnoflow,National,31
swe.p_ond.previous,17.140503382678503,annualfractionnoflow,National,31
dams_n,23.465577226523504,annualfractionnoflow,National,31
maxstorage_af,22.82345880744958,annualfractionnoflow,National,31
normstorage_af,20.4586648034656,annualfractionnoflow,National,31
majordams_n,23.783722888386034,annualfractionnoflow,National,31
wuse_mm,30.507988516644684,annualfractionnoflow,National,31
irrig_prc,28.814242867965444,annualfractionnoflow,National,31
lulc_water_prc,32.08582771995168,annualfractionnoflow,National,31
lulc_dev_prc,36.725950366327325,annualfractionnoflow,National,31
lulc_wetland_prc,35.862173615012836,annualfractionnoflow,National,31
lulc_forest_prc,32.287289350451566,annualfractionnoflow,National,31
lulc_barren_prc,37.575058603541166,annualfractionnoflow,National,31
lulc_grass_prc,48.61650361499194,annualfractionnoflow,National,31
lulc_ag_prc,28.64830179735696,annualfractionnoflow,National,31
drain_sqkm,46.905347172173244,annualfractionnoflow,National,31
elev_mean_m_basin,32.347652201567264,annualfractionnoflow,National,31
slope_pct,26.019628110072855,annualfractionnoflow,National,31
awcave,26.106701584777042,annualfractionnoflow,National,31
permave,43.85723313763392,annualfractionnoflow,National,31
topwet,27.942591158519235,annualfractionnoflow,National,31
depth_bedrock_m,27.949016327910492,annualfractionnoflow,National,31
porosity,26.2339387373298,annualfractionnoflow,National,31
storage_m,25.398585594100332,annualfractionnoflow,National,31
clayave,34.941398829212105,annualfractionnoflow,National,31
siltave,30.84095214286343,annualfractionnoflow,National,31
sandave,35.95296863855976,annualfractionnoflow,National,31
p_mm_cy,21.553428645939412,annualfractionnoflow,National,32
p_mm_jas,18.290327350603548,annualfractionnoflow,National,32
p_mm_ond,20.3379489857122,annualfractionnoflow,National,32
p_mm_jfm,17.499735827721878,annualfractionnoflow,National,32
p_mm_amj,15.048365804345263,annualfractionnoflow,National,32
pet_mm_cy,17.608397333994773,annualfractionnoflow,National,32
pet_mm_jas,22.205740174484138,annualfractionnoflow,National,32
pet_mm_ond,13.169563956758406,annualfractionnoflow,National,32
pet_mm_jfm,17.950942053967182,annualfractionnoflow,National,32
pet_mm_amj,22.520387676280837,annualfractionnoflow,National,32
T_max_c_cy,19.498077331486467,annualfractionnoflow,National,32
T_max_c_jas,21.88824072891884,annualfractionnoflow,National,32
T_max_c_ond,17.183082010621202,annualfractionnoflow,National,32
T_max_c_jfm,15.12935338983905,annualfractionnoflow,National,32
T_max_c_amj,18.051689074278478,annualfractionnoflow,National,32
swe_mm_cy,13.894805912145788,annualfractionnoflow,National,32
swe_mm_jas,3.833562864026309,annualfractionnoflow,National,32
swe_mm_ond,16.52071439773691,annualfractionnoflow,National,32
swe_mm_jfm,13.272038657915921,annualfractionnoflow,National,32
swe_mm_amj,13.486574126892839,annualfractionnoflow,National,32
p.pet_cy,19.93532021976783,annualfractionnoflow,National,32
swe.p_cy,14.049112128864042,annualfractionnoflow,National,32
p.pet_jfm,18.439153177404847,annualfractionnoflow,National,32
swe.p_jfm,18.014150690499033,annualfractionnoflow,National,32
p.pet_amj,21.37632780786183,annualfractionnoflow,National,32
swe.p_amj,10.951983246369394,annualfractionnoflow,National,32
p.pet_jas,23.47278555487377,annualfractionnoflow,National,32
swe.p_jas,5.582987026774738,annualfractionnoflow,National,32
p.pet_ond,20.011160226366638,annualfractionnoflow,National,32
swe.p_ond,18.071249899576742,annualfractionnoflow,National,32
p_mm_cy.previous,23.03353660456807,annualfractionnoflow,National,32
p_mm_jas.previous,13.61590719342815,annualfractionnoflow,National,32
p_mm_ond.previous,19.90807504144715,annualfractionnoflow,National,32
p_mm_jfm.previous,19.12717571919243,annualfractionnoflow,National,32
p_mm_amj.previous,10.107670299103702,annualfractionnoflow,National,32
pet_mm_cy.previous,17.740291702750486,annualfractionnoflow,National,32
pet_mm_jas.previous,19.612481765125615,annualfractionnoflow,National,32
pet_mm_ond.previous,14.029819956837395,annualfractionnoflow,National,32
pet_mm_jfm.previous,14.160217309934946,annualfractionnoflow,National,32
pet_mm_amj.previous,13.484321491738955,annualfractionnoflow,National,32
T_max_c_cy.previous,19.017972094705424,annualfractionnoflow,National,32
T_max_c_jas.previous,17.418386765154604,annualfractionnoflow,National,32
T_max_c_ond.previous,14.885392066751207,annualfractionnoflow,National,32
T_max_c_jfm.previous,16.50485139609797,annualfractionnoflow,National,32
T_max_c_amj.previous,17.128432341798042,annualfractionnoflow,National,32
swe_mm_cy.previous,16.17885186394904,annualfractionnoflow,National,32
swe_mm_jas.previous,3.398277354728637,annualfractionnoflow,National,32
swe_mm_ond.previous,13.41039453190445,annualfractionnoflow,National,32
swe_mm_jfm.previous,14.3862049440606,annualfractionnoflow,National,32
swe_mm_amj.previous,12.744115790156886,annualfractionnoflow,National,32
p.pet_cy.previous,24.265424453357557,annualfractionnoflow,National,32
swe.p_cy.previous,13.286825921978725,annualfractionnoflow,National,32
p.pet_jfm.previous,21.229927679625554,annualfractionnoflow,National,32
swe.p_jfm.previous,11.536562380138797,annualfractionnoflow,National,32
p.pet_amj.previous,9.577805311396618,annualfractionnoflow,National,32
swe.p_amj.previous,12.756121825498754,annualfractionnoflow,National,32
p.pet_jas.previous,15.511561028114054,annualfractionnoflow,National,32
swe.p_jas.previous,4.261313969891705,annualfractionnoflow,National,32
p.pet_ond.previous,19.959016693567023,annualfractionnoflow,National,32
swe.p_ond.previous,14.833868109074153,annualfractionnoflow,National,32
dams_n,19.60244969984904,annualfractionnoflow,National,32
maxstorage_af,26.712113607958592,annualfractionnoflow,National,32
normstorage_af,24.83766605758327,annualfractionnoflow,National,32
majordams_n,17.013224950252184,annualfractionnoflow,National,32
wuse_mm,36.24959648124318,annualfractionnoflow,National,32
irrig_prc,27.557315895362386,annualfractionnoflow,National,32
lulc_water_prc,32.129702827136015,annualfractionnoflow,National,32
lulc_dev_prc,37.05849971171223,annualfractionnoflow,National,32
lulc_wetland_prc,34.02233124784072,annualfractionnoflow,National,32
lulc_forest_prc,30.936039257579456,annualfractionnoflow,National,32
lulc_barren_prc,36.26266743265117,annualfractionnoflow,National,32
lulc_grass_prc,44.26225237484263,annualfractionnoflow,National,32
lulc_ag_prc,28.244412038662084,annualfractionnoflow,National,32
drain_sqkm,36.85623452959234,annualfractionnoflow,National,32
elev_mean_m_basin,30.62909455548191,annualfractionnoflow,National,32
slope_pct,30.366237941161845,annualfractionnoflow,National,32
awcave,26.683852786051634,annualfractionnoflow,National,32
permave,39.04995962379491,annualfractionnoflow,National,32
topwet,24.395056462744314,annualfractionnoflow,National,32
depth_bedrock_m,34.037812601489286,annualfractionnoflow,National,32
porosity,25.147588420625702,annualfractionnoflow,National,32
storage_m,26.239038624733894,annualfractionnoflow,National,32
clayave,34.58387059276641,annualfractionnoflow,National,32
siltave,34.19151962171747,annualfractionnoflow,National,32
sandave,32.94979254323892,annualfractionnoflow,National,32
p_mm_cy,18.651274821363955,annualfractionnoflow,National,33
p_mm_jas,16.032537981160992,annualfractionnoflow,National,33
p_mm_ond,17.36257090932583,annualfractionnoflow,National,33
p_mm_jfm,15.6256878510322,annualfractionnoflow,National,33
p_mm_amj,13.631513344716353,annualfractionnoflow,National,33
pet_mm_cy,17.34807927861223,annualfractionnoflow,National,33
pet_mm_jas,24.75441190915061,annualfractionnoflow,National,33
pet_mm_ond,12.437496632473561,annualfractionnoflow,National,33
pet_mm_jfm,17.922146076457167,annualfractionnoflow,National,33
pet_mm_amj,20.162713713212113,annualfractionnoflow,National,33
T_max_c_cy,18.758214705199105,annualfractionnoflow,National,33
T_max_c_jas,19.166570701657765,annualfractionnoflow,National,33
T_max_c_ond,19.114360821080144,annualfractionnoflow,National,33
T_max_c_jfm,17.54880377405585,annualfractionnoflow,National,33
T_max_c_amj,18.78414438270166,annualfractionnoflow,National,33
swe_mm_cy,12.662284993407217,annualfractionnoflow,National,33
swe_mm_jas,4.489397423586469,annualfractionnoflow,National,33
swe_mm_ond,14.618440468102497,annualfractionnoflow,National,33
swe_mm_jfm,13.04054079772874,annualfractionnoflow,National,33
swe_mm_amj,11.51104961754038,annualfractionnoflow,National,33
p.pet_cy,19.571585201997596,annualfractionnoflow,National,33
swe.p_cy,12.600479773624002,annualfractionnoflow,National,33
p.pet_jfm,16.900777965619845,annualfractionnoflow,National,33
swe.p_jfm,14.566079935941556,annualfractionnoflow,National,33
p.pet_amj,21.642238913232895,annualfractionnoflow,National,33
swe.p_amj,9.151929105984424,annualfractionnoflow,National,33
p.pet_jas,19.841260842469538,annualfractionnoflow,National,33
swe.p_jas,5.022591650740635,annualfractionnoflow,National,33
p.pet_ond,18.86129749163878,annualfractionnoflow,National,33
swe.p_ond,17.63516220752986,annualfractionnoflow,National,33
p_mm_cy.previous,20.107122167808427,annualfractionnoflow,National,33
p_mm_jas.previous,17.768985616616245,annualfractionnoflow,National,33
p_mm_ond.previous,16.94935618571363,annualfractionnoflow,National,33
p_mm_jfm.previous,19.556984557652637,annualfractionnoflow,National,33
p_mm_amj.previous,11.951330360417762,annualfractionnoflow,National,33
pet_mm_cy.previous,14.297094211811743,annualfractionnoflow,National,33
pet_mm_jas.previous,21.50590135241091,annualfractionnoflow,National,33
pet_mm_ond.previous,15.54196422727291,annualfractionnoflow,National,33
pet_mm_jfm.previous,15.781912726309262,annualfractionnoflow,National,33
pet_mm_amj.previous,13.367171449566023,annualfractionnoflow,National,33
T_max_c_cy.previous,18.644403825921383,annualfractionnoflow,National,33
T_max_c_jas.previous,17.721254837972108,annualfractionnoflow,National,33
T_max_c_ond.previous,16.54238311216038,annualfractionnoflow,National,33
T_max_c_jfm.previous,17.63778931219748,annualfractionnoflow,National,33
T_max_c_amj.previous,17.162696692664763,annualfractionnoflow,National,33
swe_mm_cy.previous,15.270293124358362,annualfractionnoflow,National,33
swe_mm_jas.previous,2.7776046893591526,annualfractionnoflow,National,33
swe_mm_ond.previous,11.200903292344034,annualfractionnoflow,National,33
swe_mm_jfm.previous,13.315203979802563,annualfractionnoflow,National,33
swe_mm_amj.previous,10.455155022793361,annualfractionnoflow,National,33
p.pet_cy.previous,29.367708466817387,annualfractionnoflow,National,33
swe.p_cy.previous,14.177188261800923,annualfractionnoflow,National,33
p.pet_jfm.previous,20.257040048816634,annualfractionnoflow,National,33
swe.p_jfm.previous,15.277383394193869,annualfractionnoflow,National,33
p.pet_amj.previous,9.69189151690534,annualfractionnoflow,National,33
swe.p_amj.previous,10.533074816581463,annualfractionnoflow,National,33
p.pet_jas.previous,14.740274931344649,annualfractionnoflow,National,33
swe.p_jas.previous,4.972119691125394,annualfractionnoflow,National,33
p.pet_ond.previous,15.406707947006495,annualfractionnoflow,National,33
swe.p_ond.previous,14.1602919376255,annualfractionnoflow,National,33
dams_n,17.097813080549745,annualfractionnoflow,National,33
maxstorage_af,26.548358447661645,annualfractionnoflow,National,33
normstorage_af,28.394292563236014,annualfractionnoflow,National,33
majordams_n,15.792562450179998,annualfractionnoflow,National,33
wuse_mm,33.38408955394776,annualfractionnoflow,National,33
irrig_prc,32.05501906930233,annualfractionnoflow,National,33
lulc_water_prc,33.12248083108185,annualfractionnoflow,National,33
lulc_dev_prc,33.45495932895982,annualfractionnoflow,National,33
lulc_wetland_prc,34.700834932301774,annualfractionnoflow,National,33
lulc_forest_prc,35.821045261616476,annualfractionnoflow,National,33
lulc_barren_prc,35.91187652492702,annualfractionnoflow,National,33
lulc_grass_prc,41.83133571966004,annualfractionnoflow,National,33
lulc_ag_prc,28.062468207433863,annualfractionnoflow,National,33
drain_sqkm,41.44440423031831,annualfractionnoflow,National,33
elev_mean_m_basin,28.086219377746517,annualfractionnoflow,National,33
slope_pct,29.961894226925057,annualfractionnoflow,National,33
awcave,25.291069415001015,annualfractionnoflow,National,33
permave,39.10290174419835,annualfractionnoflow,National,33
topwet,22.60966264652174,annualfractionnoflow,National,33
depth_bedrock_m,26.572116164425196,annualfractionnoflow,National,33
porosity,33.40087791890359,annualfractionnoflow,National,33
storage_m,25.77099350624844,annualfractionnoflow,National,33
clayave,35.39653424252873,annualfractionnoflow,National,33
siltave,34.60574974651604,annualfractionnoflow,National,33
sandave,37.3548241778354,annualfractionnoflow,National,33
p_mm_cy,18.48010190523094,annualfractionnoflow,National,34
p_mm_jas,18.520160396806855,annualfractionnoflow,National,34
p_mm_ond,19.92779608732898,annualfractionnoflow,National,34
p_mm_jfm,16.46740692893313,annualfractionnoflow,National,34
p_mm_amj,15.678363596053282,annualfractionnoflow,National,34
pet_mm_cy,18.72690868826954,annualfractionnoflow,National,34
pet_mm_jas,17.430117822187935,annualfractionnoflow,National,34
pet_mm_ond,12.028845408165855,annualfractionnoflow,National,34
pet_mm_jfm,18.5661532378535,annualfractionnoflow,National,34
pet_mm_amj,20.270777715319465,annualfractionnoflow,National,34
T_max_c_cy,19.864245672042795,annualfractionnoflow,National,34
T_max_c_jas,18.701702889534214,annualfractionnoflow,National,34
T_max_c_ond,17.136824313527228,annualfractionnoflow,National,34
T_max_c_jfm,17.886785513947856,annualfractionnoflow,National,34
T_max_c_amj,17.8160814325023,annualfractionnoflow,National,34
swe_mm_cy,13.030699165490615,annualfractionnoflow,National,34
swe_mm_jas,3.4876000142562877,annualfractionnoflow,National,34
swe_mm_ond,13.716729490049994,annualfractionnoflow,National,34
swe_mm_jfm,9.8979737700097,annualfractionnoflow,National,34
swe_mm_amj,8.89257149518969,annualfractionnoflow,National,34
p.pet_cy,17.551520115897937,annualfractionnoflow,National,34
swe.p_cy,14.567181576750508,annualfractionnoflow,National,34
p.pet_jfm,17.716595823712023,annualfractionnoflow,National,34
swe.p_jfm,12.324464289190276,annualfractionnoflow,National,34
p.pet_amj,24.10559635791107,annualfractionnoflow,National,34
swe.p_amj,10.712995082380132,annualfractionnoflow,National,34
p.pet_jas,22.42418564822003,annualfractionnoflow,National,34
swe.p_jas,3.4590767166351886,annualfractionnoflow,National,34
p.pet_ond,18.145428731047947,annualfractionnoflow,National,34
swe.p_ond,15.821481394095077,annualfractionnoflow,National,34
p_mm_cy.previous,20.51820753345374,annualfractionnoflow,National,34
p_mm_jas.previous,14.502931821598198,annualfractionnoflow,National,34
p_mm_ond.previous,20.628354134267614,annualfractionnoflow,National,34
p_mm_jfm.previous,16.63757286335094,annualfractionnoflow,National,34
p_mm_amj.previous,9.376635317998595,annualfractionnoflow,National,34
pet_mm_cy.previous,15.996361294910198,annualfractionnoflow,National,34
pet_mm_jas.previous,20.383245599595845,annualfractionnoflow,National,34
pet_mm_ond.previous,13.238237295054196,annualfractionnoflow,National,34
pet_mm_jfm.previous,13.58322408571928,annualfractionnoflow,National,34
pet_mm_amj.previous,17.105576365480292,annualfractionnoflow,National,34
T_max_c_cy.previous,17.651973466163508,annualfractionnoflow,National,34
T_max_c_jas.previous,19.242635295140698,annualfractionnoflow,National,34
T_max_c_ond.previous,19.311143402530877,annualfractionnoflow,National,34
T_max_c_jfm.previous,13.720592706576634,annualfractionnoflow,National,34
T_max_c_amj.previous,17.49201617304569,annualfractionnoflow,National,34
swe_mm_cy.previous,15.462170856039137,annualfractionnoflow,National,34
swe_mm_jas.previous,1.9743722646420783,annualfractionnoflow,National,34
swe_mm_ond.previous,12.765379047992445,annualfractionnoflow,National,34
swe_mm_jfm.previous,13.128438363180916,annualfractionnoflow,National,34
swe_mm_amj.previous,10.926371520009583,annualfractionnoflow,National,34
p.pet_cy.previous,22.545783926983475,annualfractionnoflow,National,34
swe.p_cy.previous,14.45165474573766,annualfractionnoflow,National,34
p.pet_jfm.previous,19.349954356881863,annualfractionnoflow,National,34
swe.p_jfm.previous,14.537096821114917,annualfractionnoflow,National,34
p.pet_amj.previous,9.849804334579423,annualfractionnoflow,National,34
swe.p_amj.previous,9.674173377771602,annualfractionnoflow,National,34
p.pet_jas.previous,15.367329765736006,annualfractionnoflow,National,34
swe.p_jas.previous,3.8512788286483626,annualfractionnoflow,National,34
p.pet_ond.previous,18.16357926013754,annualfractionnoflow,National,34
swe.p_ond.previous,14.792145912255394,annualfractionnoflow,National,34
dams_n,20.930308728380602,annualfractionnoflow,National,34
maxstorage_af,20.873914687268265,annualfractionnoflow,National,34
normstorage_af,19.009388204575462,annualfractionnoflow,National,34
majordams_n,20.12358724873149,annualfractionnoflow,National,34
wuse_mm,40.34350434286582,annualfractionnoflow,National,34
irrig_prc,29.463893199881177,annualfractionnoflow,National,34
lulc_water_prc,32.71926610247008,annualfractionnoflow,National,34
lulc_dev_prc,33.35243940964419,annualfractionnoflow,National,34
lulc_wetland_prc,32.50398424132543,annualfractionnoflow,National,34
lulc_forest_prc,29.29865350607484,annualfractionnoflow,National,34
lulc_barren_prc,35.46478576674112,annualfractionnoflow,National,34
lulc_grass_prc,46.236431418209406,annualfractionnoflow,National,34
lulc_ag_prc,28.244492958806596,annualfractionnoflow,National,34
drain_sqkm,37.36401096846403,annualfractionnoflow,National,34
elev_mean_m_basin,29.794602482996044,annualfractionnoflow,National,34
slope_pct,25.843310019811437,annualfractionnoflow,National,34
awcave,26.166147791613454,annualfractionnoflow,National,34
permave,37.125965071727535,annualfractionnoflow,National,34
topwet,20.93700789575872,annualfractionnoflow,National,34
depth_bedrock_m,24.585784948384205,annualfractionnoflow,National,34
porosity,28.104984982342856,annualfractionnoflow,National,34
storage_m,25.403917628113707,annualfractionnoflow,National,34
clayave,35.72467434476421,annualfractionnoflow,National,34
siltave,34.4667214569556,annualfractionnoflow,National,34
sandave,33.90945179748834,annualfractionnoflow,National,34
p_mm_cy,19.34953087857398,annualfractionnoflow,National,35
p_mm_jas,17.198833393267893,annualfractionnoflow,National,35
p_mm_ond,19.878987472853883,annualfractionnoflow,National,35
p_mm_jfm,18.089807547238316,annualfractionnoflow,National,35
p_mm_amj,13.609350614951063,annualfractionnoflow,National,35
pet_mm_cy,16.125833194006155,annualfractionnoflow,National,35
pet_mm_jas,21.276845512823648,annualfractionnoflow,National,35
pet_mm_ond,15.538566914743257,annualfractionnoflow,National,35
pet_mm_jfm,14.486093936478596,annualfractionnoflow,National,35
pet_mm_amj,21.039133543707653,annualfractionnoflow,National,35
T_max_c_cy,19.94118792408813,annualfractionnoflow,National,35
T_max_c_jas,18.667005016982166,annualfractionnoflow,National,35
T_max_c_ond,21.374432748916863,annualfractionnoflow,National,35
T_max_c_jfm,16.50140109461438,annualfractionnoflow,National,35
T_max_c_amj,19.09281814803055,annualfractionnoflow,National,35
swe_mm_cy,16.233917464528407,annualfractionnoflow,National,35
swe_mm_jas,5.141785673902891,annualfractionnoflow,National,35
swe_mm_ond,17.733049104060143,annualfractionnoflow,National,35
swe_mm_jfm,14.353812110516223,annualfractionnoflow,National,35
swe_mm_amj,11.203178712319476,annualfractionnoflow,National,35
p.pet_cy,20.302544286666432,annualfractionnoflow,National,35
swe.p_cy,14.173229052967107,annualfractionnoflow,National,35
p.pet_jfm,15.321514376094973,annualfractionnoflow,National,35
swe.p_jfm,14.731633817209348,annualfractionnoflow,National,35
p.pet_amj,22.34770583828395,annualfractionnoflow,National,35
swe.p_amj,9.18886292825158,annualfractionnoflow,National,35
p.pet_jas,20.850464848815253,annualfractionnoflow,National,35
swe.p_jas,5.92960365187515,annualfractionnoflow,National,35
p.pet_ond,18.82481153722565,annualfractionnoflow,National,35
swe.p_ond,14.776433445315678,annualfractionnoflow,National,35
p_mm_cy.previous,20.88610623520612,annualfractionnoflow,National,35
p_mm_jas.previous,16.680919728606,annualfractionnoflow,National,35
p_mm_ond.previous,19.100398001652895,annualfractionnoflow,National,35
p_mm_jfm.previous,17.04465451157393,annualfractionnoflow,National,35
p_mm_amj.previous,10.7361300035466,annualfractionnoflow,National,35
pet_mm_cy.previous,14.318332445026549,annualfractionnoflow,National,35
pet_mm_jas.previous,21.311105280866983,annualfractionnoflow,National,35
pet_mm_ond.previous,14.220382962934698,annualfractionnoflow,National,35
pet_mm_jfm.previous,14.91928948362286,annualfractionnoflow,National,35
pet_mm_amj.previous,15.220750873968056,annualfractionnoflow,National,35
T_max_c_cy.previous,19.287706805139234,annualfractionnoflow,National,35
T_max_c_jas.previous,19.59879881319258,annualfractionnoflow,National,35
T_max_c_ond.previous,18.669624813075817,annualfractionnoflow,National,35
T_max_c_jfm.previous,14.578850207251019,annualfractionnoflow,National,35
T_max_c_amj.previous,19.850132346962614,annualfractionnoflow,National,35
swe_mm_cy.previous,14.023962706959248,annualfractionnoflow,National,35
swe_mm_jas.previous,3.58015218272137,annualfractionnoflow,National,35
swe_mm_ond.previous,14.853276327349462,annualfractionnoflow,National,35
swe_mm_jfm.previous,11.621393251152206,annualfractionnoflow,National,35
swe_mm_amj.previous,12.057026956657616,annualfractionnoflow,National,35
p.pet_cy.previous,25.235645557807185,annualfractionnoflow,National,35
swe.p_cy.previous,14.801308645280658,annualfractionnoflow,National,35
p.pet_jfm.previous,17.854924741747606,annualfractionnoflow,National,35
swe.p_jfm.previous,16.50607086606727,annualfractionnoflow,National,35
p.pet_amj.previous,9.378626172272504,annualfractionnoflow,National,35
swe.p_amj.previous,10.192453253927255,annualfractionnoflow,National,35
p.pet_jas.previous,12.645247537078903,annualfractionnoflow,National,35
swe.p_jas.previous,4.462557824068115,annualfractionnoflow,National,35
p.pet_ond.previous,19.643329614939404,annualfractionnoflow,National,35
swe.p_ond.previous,14.193389736093359,annualfractionnoflow,National,35
dams_n,19.78107711695179,annualfractionnoflow,National,35
maxstorage_af,21.041575572792492,annualfractionnoflow,National,35
normstorage_af,21.69657152494212,annualfractionnoflow,National,35
majordams_n,23.467033033502624,annualfractionnoflow,National,35
wuse_mm,34.55779587418753,annualfractionnoflow,National,35
irrig_prc,31.618469294807156,annualfractionnoflow,National,35
lulc_water_prc,27.63166956346493,annualfractionnoflow,National,35
lulc_dev_prc,33.427706525341186,annualfractionnoflow,National,35
lulc_wetland_prc,31.590303779665398,annualfractionnoflow,National,35
lulc_forest_prc,30.24205473313365,annualfractionnoflow,National,35
lulc_barren_prc,40.20041736374193,annualfractionnoflow,National,35
lulc_grass_prc,40.32561411175684,annualfractionnoflow,National,35
lulc_ag_prc,33.41975546457733,annualfractionnoflow,National,35
drain_sqkm,42.826540894303726,annualfractionnoflow,National,35
elev_mean_m_basin,28.119850034545667,annualfractionnoflow,National,35
slope_pct,23.649223202348747,annualfractionnoflow,National,35
awcave,22.12957400866564,annualfractionnoflow,National,35
permave,39.6427267903797,annualfractionnoflow,National,35
topwet,24.7075679601417,annualfractionnoflow,National,35
depth_bedrock_m,27.452414952216113,annualfractionnoflow,National,35
porosity,27.350654182881456,annualfractionnoflow,National,35
storage_m,25.171092843916952,annualfractionnoflow,National,35
clayave,31.417045500222347,annualfractionnoflow,National,35
siltave,33.81116391830577,annualfractionnoflow,National,35
sandave,31.666365503515422,annualfractionnoflow,National,35
p_mm_cy,17.204300218799958,annualfractionnoflow,National,36
p_mm_jas,18.683309036676025,annualfractionnoflow,National,36
p_mm_ond,20.21456718272322,annualfractionnoflow,National,36
p_mm_jfm,18.141836133682705,annualfractionnoflow,National,36
p_mm_amj,16.116702326528824,annualfractionnoflow,National,36
pet_mm_cy,15.77772028356255,annualfractionnoflow,National,36
pet_mm_jas,22.30030599136374,annualfractionnoflow,National,36
pet_mm_ond,11.372933239561254,annualfractionnoflow,National,36
pet_mm_jfm,18.542933490223064,annualfractionnoflow,National,36
pet_mm_amj,19.615643660176442,annualfractionnoflow,National,36
T_max_c_cy,18.131750669826623,annualfractionnoflow,National,36
T_max_c_jas,16.258093283599717,annualfractionnoflow,National,36
T_max_c_ond,19.674683977329945,annualfractionnoflow,National,36
T_max_c_jfm,18.85963701117742,annualfractionnoflow,National,36
T_max_c_amj,16.888694185004695,annualfractionnoflow,National,36
swe_mm_cy,15.523688921668034,annualfractionnoflow,National,36
swe_mm_jas,4.1753369440159505,annualfractionnoflow,National,36
swe_mm_ond,17.52314122127076,annualfractionnoflow,National,36
swe_mm_jfm,14.651478139524297,annualfractionnoflow,National,36
swe_mm_amj,11.268235937656312,annualfractionnoflow,National,36
p.pet_cy,20.138438200310784,annualfractionnoflow,National,36
swe.p_cy,15.63349371526141,annualfractionnoflow,National,36
p.pet_jfm,19.943064172260122,annualfractionnoflow,National,36
swe.p_jfm,17.102339457088636,annualfractionnoflow,National,36
p.pet_amj,24.097331166895003,annualfractionnoflow,National,36
swe.p_amj,11.259889227698782,annualfractionnoflow,National,36
p.pet_jas,20.327336932249494,annualfractionnoflow,National,36
swe.p_jas,3.2441889062237004,annualfractionnoflow,National,36
p.pet_ond,17.822926109666778,annualfractionnoflow,National,36
swe.p_ond,17.29826902661979,annualfractionnoflow,National,36
p_mm_cy.previous,18.785530392488027,annualfractionnoflow,National,36
p_mm_jas.previous,16.548447228235705,annualfractionnoflow,National,36
p_mm_ond.previous,19.53979054153859,annualfractionnoflow,National,36
p_mm_jfm.previous,19.762264853160524,annualfractionnoflow,National,36
p_mm_amj.previous,9.149070984584673,annualfractionnoflow,National,36
pet_mm_cy.previous,16.06726097161914,annualfractionnoflow,National,36
pet_mm_jas.previous,25.334356868354156,annualfractionnoflow,National,36
pet_mm_ond.previous,15.170848756939835,annualfractionnoflow,National,36
pet_mm_jfm.previous,15.62400320552854,annualfractionnoflow,National,36
pet_mm_amj.previous,17.352652211203527,annualfractionnoflow,National,36
T_max_c_cy.previous,19.2390754485268,annualfractionnoflow,National,36
T_max_c_jas.previous,19.881012329988675,annualfractionnoflow,National,36
T_max_c_ond.previous,18.947819332230214,annualfractionnoflow,National,36
T_max_c_jfm.previous,20.677647942648395,annualfractionnoflow,National,36
T_max_c_amj.previous,15.718387348541494,annualfractionnoflow,National,36
swe_mm_cy.previous,14.956927403015296,annualfractionnoflow,National,36
swe_mm_jas.previous,2.0589154654478734,annualfractionnoflow,National,36
swe_mm_ond.previous,16.08621421849101,annualfractionnoflow,National,36
swe_mm_jfm.previous,16.228725146972867,annualfractionnoflow,National,36
swe_mm_amj.previous,12.081016666922514,annualfractionnoflow,National,36
p.pet_cy.previous,24.525063182573074,annualfractionnoflow,National,36
swe.p_cy.previous,14.521044709907546,annualfractionnoflow,National,36
p.pet_jfm.previous,16.21006519806102,annualfractionnoflow,National,36
swe.p_jfm.previous,13.416416889157183,annualfractionnoflow,National,36
p.pet_amj.previous,10.596802421272841,annualfractionnoflow,National,36
swe.p_amj.previous,10.603351099650412,annualfractionnoflow,National,36
p.pet_jas.previous,15.730311673839529,annualfractionnoflow,National,36
swe.p_jas.previous,4.6152280265686185,annualfractionnoflow,National,36
p.pet_ond.previous,16.22721890998014,annualfractionnoflow,National,36
swe.p_ond.previous,18.536967493255826,annualfractionnoflow,National,36
dams_n,19.536635369235945,annualfractionnoflow,National,36
maxstorage_af,20.65218455515101,annualfractionnoflow,National,36
normstorage_af,24.352742783553026,annualfractionnoflow,National,36
majordams_n,19.432846455725528,annualfractionnoflow,National,36
wuse_mm,32.039583395382934,annualfractionnoflow,National,36
irrig_prc,34.718948883821234,annualfractionnoflow,National,36
lulc_water_prc,31.985088581412796,annualfractionnoflow,National,36
lulc_dev_prc,34.542596429679506,annualfractionnoflow,National,36
lulc_wetland_prc,30.435444294479037,annualfractionnoflow,National,36
lulc_forest_prc,31.755213402144825,annualfractionnoflow,National,36
lulc_barren_prc,35.28461389381852,annualfractionnoflow,National,36
lulc_grass_prc,53.75266936082964,annualfractionnoflow,National,36
lulc_ag_prc,32.528821946394515,annualfractionnoflow,National,36
drain_sqkm,38.11185196561323,annualfractionnoflow,National,36
elev_mean_m_basin,26.220659618679075,annualfractionnoflow,National,36
slope_pct,28.344362131548856,annualfractionnoflow,National,36
awcave,20.477450277379994,annualfractionnoflow,National,36
permave,39.885297687001774,annualfractionnoflow,National,36
topwet,28.64476558160522,annualfractionnoflow,National,36
depth_bedrock_m,28.690379538364873,annualfractionnoflow,National,36
porosity,25.01395994982263,annualfractionnoflow,National,36
storage_m,25.773719230148238,annualfractionnoflow,National,36
clayave,32.58748204142038,annualfractionnoflow,National,36
siltave,36.62425309644985,annualfractionnoflow,National,36
sandave,32.332131482876015,annualfractionnoflow,National,36
p_mm_cy,20.85547014008659,annualfractionnoflow,National,37
p_mm_jas,17.101754187933018,annualfractionnoflow,National,37
p_mm_ond,20.703137128606937,annualfractionnoflow,National,37
p_mm_jfm,16.77484158241726,annualfractionnoflow,National,37
p_mm_amj,12.911184390168179,annualfractionnoflow,National,37
pet_mm_cy,16.12290584931094,annualfractionnoflow,National,37
pet_mm_jas,22.582613346275995,annualfractionnoflow,National,37
pet_mm_ond,13.764280566445956,annualfractionnoflow,National,37
pet_mm_jfm,16.529525468785806,annualfractionnoflow,National,37
pet_mm_amj,23.99447349942209,annualfractionnoflow,National,37
T_max_c_cy,15.021915114260882,annualfractionnoflow,National,37
T_max_c_jas,18.493115300496374,annualfractionnoflow,National,37
T_max_c_ond,19.841075374707057,annualfractionnoflow,National,37
T_max_c_jfm,16.18619065970334,annualfractionnoflow,National,37
T_max_c_amj,16.85319696203626,annualfractionnoflow,National,37
swe_mm_cy,16.47461558292793,annualfractionnoflow,National,37
swe_mm_jas,3.9728131403397504,annualfractionnoflow,National,37
swe_mm_ond,17.936773598772973,annualfractionnoflow,National,37
swe_mm_jfm,18.34152637621032,annualfractionnoflow,National,37
swe_mm_amj,12.42201124693731,annualfractionnoflow,National,37
p.pet_cy,21.772267745738976,annualfractionnoflow,National,37
swe.p_cy,14.203189389078814,annualfractionnoflow,National,37
p.pet_jfm,20.10929170501926,annualfractionnoflow,National,37
swe.p_jfm,14.068071584340489,annualfractionnoflow,National,37
p.pet_amj,21.090707989825678,annualfractionnoflow,National,37
swe.p_amj,10.286717836714972,annualfractionnoflow,National,37
p.pet_jas,21.68406690192605,annualfractionnoflow,National,37
swe.p_jas,3.5567860075798357,annualfractionnoflow,National,37
p.pet_ond,18.685799651973817,annualfractionnoflow,National,37
swe.p_ond,16.63370339938836,annualfractionnoflow,National,37
p_mm_cy.previous,18.218488728635336,annualfractionnoflow,National,37
p_mm_jas.previous,15.350594552175425,annualfractionnoflow,National,37
p_mm_ond.previous,18.195502425455345,annualfractionnoflow,National,37
p_mm_jfm.previous,20.3201009370127,annualfractionnoflow,National,37
p_mm_amj.previous,14.184633049787363,annualfractionnoflow,National,37
pet_mm_cy.previous,13.764756561510989,annualfractionnoflow,National,37
pet_mm_jas.previous,18.805122834765882,annualfractionnoflow,National,37
pet_mm_ond.previous,14.254099355385073,annualfractionnoflow,National,37
pet_mm_jfm.previous,13.832338873437788,annualfractionnoflow,National,37
pet_mm_amj.previous,15.776523623910691,annualfractionnoflow,National,37
T_max_c_cy.previous,18.423420364115344,annualfractionnoflow,National,37
T_max_c_jas.previous,16.746120610758407,annualfractionnoflow,National,37
T_max_c_ond.previous,16.183629002950042,annualfractionnoflow,National,37
T_max_c_jfm.previous,15.051156115218514,annualfractionnoflow,National,37
T_max_c_amj.previous,16.287345229287645,annualfractionnoflow,National,37
swe_mm_cy.previous,15.846217178513719,annualfractionnoflow,National,37
swe_mm_jas.previous,2.8832123084797567,annualfractionnoflow,National,37
swe_mm_ond.previous,14.306372798633264,annualfractionnoflow,National,37
swe_mm_jfm.previous,17.705237895991317,annualfractionnoflow,National,37
swe_mm_amj.previous,12.479360360977017,annualfractionnoflow,National,37
p.pet_cy.previous,30.621516800939435,annualfractionnoflow,National,37
swe.p_cy.previous,12.691563587216896,annualfractionnoflow,National,37
p.pet_jfm.previous,19.783939494992104,annualfractionnoflow,National,37
swe.p_jfm.previous,16.075107313705445,annualfractionnoflow,National,37
p.pet_amj.previous,9.879152875073265,annualfractionnoflow,National,37
swe.p_amj.previous,11.409870977401956,annualfractionnoflow,National,37
p.pet_jas.previous,16.411161761575297,annualfractionnoflow,National,37
swe.p_jas.previous,4.1114496603151585,annualfractionnoflow,National,37
p.pet_ond.previous,13.121196773192587,annualfractionnoflow,National,37
swe.p_ond.previous,11.355739007497627,annualfractionnoflow,National,37
dams_n,17.11748189969353,annualfractionnoflow,National,37
maxstorage_af,22.62005003853848,annualfractionnoflow,National,37
normstorage_af,20.117767863009348,annualfractionnoflow,National,37
majordams_n,19.60212043960799,annualfractionnoflow,National,37
wuse_mm,35.38265972850109,annualfractionnoflow,National,37
irrig_prc,33.2736938978392,annualfractionnoflow,National,37
lulc_water_prc,32.74205906989555,annualfractionnoflow,National,37
lulc_dev_prc,33.888831833901676,annualfractionnoflow,National,37
lulc_wetland_prc,31.90364510664857,annualfractionnoflow,National,37
lulc_forest_prc,28.776581584387184,annualfractionnoflow,National,37
lulc_barren_prc,34.137630465282804,annualfractionnoflow,National,37
lulc_grass_prc,37.11181935986581,annualfractionnoflow,National,37
lulc_ag_prc,28.018910768299406,annualfractionnoflow,National,37
drain_sqkm,41.910886488755516,annualfractionnoflow,National,37
elev_mean_m_basin,27.45991650563564,annualfractionnoflow,National,37
slope_pct,29.522079672663054,annualfractionnoflow,National,37
awcave,22.8738647796928,annualfractionnoflow,National,37
permave,41.03348060881943,annualfractionnoflow,National,37
topwet,22.813083328969856,annualfractionnoflow,National,37
depth_bedrock_m,25.186795623579457,annualfractionnoflow,National,37
porosity,29.47903149793752,annualfractionnoflow,National,37
storage_m,26.27432396642302,annualfractionnoflow,National,37
clayave,32.47926171345022,annualfractionnoflow,National,37
siltave,34.577533912670425,annualfractionnoflow,National,37
sandave,36.978586237867425,annualfractionnoflow,National,37
p_mm_cy,18.32961206900096,annualfractionnoflow,National,38
p_mm_jas,20.48015495991987,annualfractionnoflow,National,38
p_mm_ond,21.335733225115234,annualfractionnoflow,National,38
p_mm_jfm,15.068361242532658,annualfractionnoflow,National,38
p_mm_amj,15.319801992998622,annualfractionnoflow,National,38
pet_mm_cy,13.959068453768074,annualfractionnoflow,National,38
pet_mm_jas,18.445097822334404,annualfractionnoflow,National,38
pet_mm_ond,14.6114459660939,annualfractionnoflow,National,38
pet_mm_jfm,11.441506411754496,annualfractionnoflow,National,38
pet_mm_amj,21.52844501081657,annualfractionnoflow,National,38
T_max_c_cy,17.8656162529931,annualfractionnoflow,National,38
T_max_c_jas,21.11048307781143,annualfractionnoflow,National,38
T_max_c_ond,16.581420371875208,annualfractionnoflow,National,38
T_max_c_jfm,14.778635596642127,annualfractionnoflow,National,38
T_max_c_amj,18.130773473251793,annualfractionnoflow,National,38
swe_mm_cy,15.355037334833609,annualfractionnoflow,National,38
swe_mm_jas,2.74893772736204,annualfractionnoflow,National,38
swe_mm_ond,15.417475955963575,annualfractionnoflow,National,38
swe_mm_jfm,14.298135006534833,annualfractionnoflow,National,38
swe_mm_amj,10.963478461300888,annualfractionnoflow,National,38
p.pet_cy,18.73650688022451,annualfractionnoflow,National,38
swe.p_cy,13.509521168065415,annualfractionnoflow,National,38
p.pet_jfm,16.351088794173688,annualfractionnoflow,National,38
swe.p_jfm,14.712383895567136,annualfractionnoflow,National,38
p.pet_amj,23.900176830821067,annualfractionnoflow,National,38
swe.p_amj,9.4923142811612,annualfractionnoflow,National,38
p.pet_jas,26.725497214881116,annualfractionnoflow,National,38
swe.p_jas,3.093077257115368,annualfractionnoflow,National,38
p.pet_ond,18.07214791754165,annualfractionnoflow,National,38
swe.p_ond,11.618747476252613,annualfractionnoflow,National,38
p_mm_cy.previous,22.2486041202766,annualfractionnoflow,National,38
p_mm_jas.previous,17.3442876483819,annualfractionnoflow,National,38
p_mm_ond.previous,18.656271686019576,annualfractionnoflow,National,38
p_mm_jfm.previous,20.1128534054665,annualfractionnoflow,National,38
p_mm_amj.previous,10.161824768764466,annualfractionnoflow,National,38
pet_mm_cy.previous,14.171323975864048,annualfractionnoflow,National,38
pet_mm_jas.previous,18.834197980180463,annualfractionnoflow,National,38
pet_mm_ond.previous,12.958083078351091,annualfractionnoflow,National,38
pet_mm_jfm.previous,15.457765709352472,annualfractionnoflow,National,38
pet_mm_amj.previous,16.303998883913188,annualfractionnoflow,National,38
T_max_c_cy.previous,16.900957109531415,annualfractionnoflow,National,38
T_max_c_jas.previous,19.809783543239863,annualfractionnoflow,National,38
T_max_c_ond.previous,16.660768867877056,annualfractionnoflow,National,38
T_max_c_jfm.previous,14.678415032564986,annualfractionnoflow,National,38
T_max_c_amj.previous,18.483529845575255,annualfractionnoflow,National,38
swe_mm_cy.previous,14.892406528222045,annualfractionnoflow,National,38
swe_mm_jas.previous,2.198107777859952,annualfractionnoflow,National,38
swe_mm_ond.previous,13.84889514728665,annualfractionnoflow,National,38
swe_mm_jfm.previous,12.832418490588632,annualfractionnoflow,National,38
swe_mm_amj.previous,10.507686679627566,annualfractionnoflow,National,38
p.pet_cy.previous,23.833661880034295,annualfractionnoflow,National,38
swe.p_cy.previous,11.679236022929135,annualfractionnoflow,National,38
p.pet_jfm.previous,20.76319101485505,annualfractionnoflow,National,38
swe.p_jfm.previous,13.839970191938194,annualfractionnoflow,National,38
p.pet_amj.previous,9.511536225496137,annualfractionnoflow,National,38
swe.p_amj.previous,10.253645147415778,annualfractionnoflow,National,38
p.pet_jas.previous,15.760700959647197,annualfractionnoflow,National,38
swe.p_jas.previous,3.982776634574808,annualfractionnoflow,National,38
p.pet_ond.previous,19.021788288836575,annualfractionnoflow,National,38
swe.p_ond.previous,11.347006027412833,annualfractionnoflow,National,38
dams_n,19.24447957857427,annualfractionnoflow,National,38
maxstorage_af,23.49138452839068,annualfractionnoflow,National,38
normstorage_af,22.94913117806771,annualfractionnoflow,National,38
majordams_n,17.742769642744406,annualfractionnoflow,National,38
wuse_mm,31.475154857714003,annualfractionnoflow,National,38
irrig_prc,28.081649760646407,annualfractionnoflow,National,38
lulc_water_prc,34.47684772511011,annualfractionnoflow,National,38
lulc_dev_prc,32.46850824935553,annualfractionnoflow,National,38
lulc_wetland_prc,32.149707670936316,annualfractionnoflow,National,38
lulc_forest_prc,34.8970412063904,annualfractionnoflow,National,38
lulc_barren_prc,38.093213035147706,annualfractionnoflow,National,38
lulc_grass_prc,42.24529674818974,annualfractionnoflow,National,38
lulc_ag_prc,28.94158359692234,annualfractionnoflow,National,38
drain_sqkm,34.9611955480522,annualfractionnoflow,National,38
elev_mean_m_basin,33.013012684837946,annualfractionnoflow,National,38
slope_pct,30.41258773166684,annualfractionnoflow,National,38
awcave,24.343747034317616,annualfractionnoflow,National,38
permave,38.30605059761967,annualfractionnoflow,National,38
topwet,24.24114387017856,annualfractionnoflow,National,38
depth_bedrock_m,24.700395833269244,annualfractionnoflow,National,38
porosity,25.930491595549768,annualfractionnoflow,National,38
storage_m,22.160869887930453,annualfractionnoflow,National,38
clayave,35.422485403599346,annualfractionnoflow,National,38
siltave,34.883253018482286,annualfractionnoflow,National,38
sandave,33.649805435625666,annualfractionnoflow,National,38
p_mm_cy,21.330311616683314,annualfractionnoflow,National,39
p_mm_jas,17.852125847297792,annualfractionnoflow,National,39
p_mm_ond,17.997718852356666,annualfractionnoflow,National,39
p_mm_jfm,15.923846575466381,annualfractionnoflow,National,39
p_mm_amj,12.68993824382476,annualfractionnoflow,National,39
pet_mm_cy,18.14072507838791,annualfractionnoflow,National,39
pet_mm_jas,23.468949375515916,annualfractionnoflow,National,39
pet_mm_ond,13.154862797077191,annualfractionnoflow,National,39
pet_mm_jfm,15.122168804177491,annualfractionnoflow,National,39
pet_mm_amj,20.157721061917773,annualfractionnoflow,National,39
T_max_c_cy,15.779571939131507,annualfractionnoflow,National,39
T_max_c_jas,21.225928096985594,annualfractionnoflow,National,39
T_max_c_ond,18.61295157639467,annualfractionnoflow,National,39
T_max_c_jfm,17.659274930035302,annualfractionnoflow,National,39
T_max_c_amj,16.57289630319298,annualfractionnoflow,National,39
swe_mm_cy,13.03906677069987,annualfractionnoflow,National,39
swe_mm_jas,2.017133998711916,annualfractionnoflow,National,39
swe_mm_ond,15.179306577574785,annualfractionnoflow,National,39
swe_mm_jfm,12.103822368289705,annualfractionnoflow,National,39
swe_mm_amj,9.334091248345256,annualfractionnoflow,National,39
p.pet_cy,22.694543705093693,annualfractionnoflow,National,39
swe.p_cy,14.701883202107261,annualfractionnoflow,National,39
p.pet_jfm,19.505641691853477,annualfractionnoflow,National,39
swe.p_jfm,13.273960144679254,annualfractionnoflow,National,39
p.pet_amj,21.081791896794346,annualfractionnoflow,National,39
swe.p_amj,10.634999763676392,annualfractionnoflow,National,39
p.pet_jas,22.54553699827136,annualfractionnoflow,National,39
swe.p_jas,3.325607939761373,annualfractionnoflow,National,39
p.pet_ond,17.733901043676692,annualfractionnoflow,National,39
swe.p_ond,14.643590053025994,annualfractionnoflow,National,39
p_mm_cy.previous,22.873749612637813,annualfractionnoflow,National,39
p_mm_jas.previous,17.90365023722622,annualfractionnoflow,National,39
p_mm_ond.previous,19.03108339997171,annualfractionnoflow,National,39
p_mm_jfm.previous,18.86087408065043,annualfractionnoflow,National,39
p_mm_amj.previous,12.050585215318488,annualfractionnoflow,National,39
pet_mm_cy.previous,13.020721340139838,annualfractionnoflow,National,39
pet_mm_jas.previous,22.520982661703126,annualfractionnoflow,National,39
pet_mm_ond.previous,12.775393637950003,annualfractionnoflow,National,39
pet_mm_jfm.previous,15.59323629832439,annualfractionnoflow,National,39
pet_mm_amj.previous,14.582527803532262,annualfractionnoflow,National,39
T_max_c_cy.previous,15.26406680103335,annualfractionnoflow,National,39
T_max_c_jas.previous,19.790829682851918,annualfractionnoflow,National,39
T_max_c_ond.previous,16.87091978456687,annualfractionnoflow,National,39
T_max_c_jfm.previous,16.18716478349707,annualfractionnoflow,National,39
T_max_c_amj.previous,14.767630068209387,annualfractionnoflow,National,39
swe_mm_cy.previous,14.145846958856561,annualfractionnoflow,National,39
swe_mm_jas.previous,2.1297789172604435,annualfractionnoflow,National,39
swe_mm_ond.previous,15.558976219697355,annualfractionnoflow,National,39
swe_mm_jfm.previous,11.719702610584415,annualfractionnoflow,National,39
swe_mm_amj.previous,10.630374207613839,annualfractionnoflow,National,39
p.pet_cy.previous,29.55136632267149,annualfractionnoflow,National,39
swe.p_cy.previous,17.009326941625144,annualfractionnoflow,National,39
p.pet_jfm.previous,19.084809270620156,annualfractionnoflow,National,39
swe.p_jfm.previous,15.52807863803932,annualfractionnoflow,National,39
p.pet_amj.previous,9.15928495289788,annualfractionnoflow,National,39
swe.p_amj.previous,12.028072510290288,annualfractionnoflow,National,39
p.pet_jas.previous,17.12504955610883,annualfractionnoflow,National,39
swe.p_jas.previous,2.3316805017527016,annualfractionnoflow,National,39
p.pet_ond.previous,13.314122838396527,annualfractionnoflow,National,39
swe.p_ond.previous,12.3825032858809,annualfractionnoflow,National,39
dams_n,21.946744240222227,annualfractionnoflow,National,39
maxstorage_af,22.132683761366028,annualfractionnoflow,National,39
normstorage_af,24.959399865645633,annualfractionnoflow,National,39
majordams_n,18.792126297590027,annualfractionnoflow,National,39
wuse_mm,36.35064858511456,annualfractionnoflow,National,39
irrig_prc,32.55930357422967,annualfractionnoflow,National,39
lulc_water_prc,26.183541381843813,annualfractionnoflow,National,39
lulc_dev_prc,36.11443655849298,annualfractionnoflow,National,39
lulc_wetland_prc,31.392846662313968,annualfractionnoflow,National,39
lulc_forest_prc,33.345533571119965,annualfractionnoflow,National,39
lulc_barren_prc,31.521702766437283,annualfractionnoflow,National,39
lulc_grass_prc,43.25815085544281,annualfractionnoflow,National,39
lulc_ag_prc,29.749399175478104,annualfractionnoflow,National,39
drain_sqkm,47.12579997071932,annualfractionnoflow,National,39
elev_mean_m_basin,30.920663212027193,annualfractionnoflow,National,39
slope_pct,27.944202702294586,annualfractionnoflow,National,39
awcave,26.627452241413636,annualfractionnoflow,National,39
permave,36.19028638551048,annualfractionnoflow,National,39
topwet,25.360578342525073,annualfractionnoflow,National,39
depth_bedrock_m,28.479111979632908,annualfractionnoflow,National,39
porosity,31.50216630474108,annualfractionnoflow,National,39
storage_m,23.7801969153093,annualfractionnoflow,National,39
clayave,31.990149946358205,annualfractionnoflow,National,39
siltave,36.13564899376832,annualfractionnoflow,National,39
sandave,34.476987965074834,annualfractionnoflow,National,39
p_mm_cy,24.613595073686785,annualfractionnoflow,National,40
p_mm_jas,19.418125875506007,annualfractionnoflow,National,40
p_mm_ond,19.33888420829601,annualfractionnoflow,National,40
p_mm_jfm,15.777253425317822,annualfractionnoflow,National,40
p_mm_amj,15.778694103015786,annualfractionnoflow,National,40
pet_mm_cy,18.31620340300574,annualfractionnoflow,National,40
pet_mm_jas,16.882852109375087,annualfractionnoflow,National,40
pet_mm_ond,11.602706693529383,annualfractionnoflow,National,40
pet_mm_jfm,16.524761414706433,annualfractionnoflow,National,40
pet_mm_amj,19.269764963533376,annualfractionnoflow,National,40
T_max_c_cy,16.22786597700308,annualfractionnoflow,National,40
T_max_c_jas,18.42594132454087,annualfractionnoflow,National,40
T_max_c_ond,19.87371010622622,annualfractionnoflow,National,40
T_max_c_jfm,15.059782872728878,annualfractionnoflow,National,40
T_max_c_amj,17.873176780306274,annualfractionnoflow,National,40
swe_mm_cy,14.443607905776458,annualfractionnoflow,National,40
swe_mm_jas,3.2633362764152976,annualfractionnoflow,National,40
swe_mm_ond,15.334520040834176,annualfractionnoflow,National,40
swe_mm_jfm,15.42806778833393,annualfractionnoflow,National,40
swe_mm_amj,13.632162916744173,annualfractionnoflow,National,40
p.pet_cy,20.104140609306864,annualfractionnoflow,National,40
swe.p_cy,14.689796896952945,annualfractionnoflow,National,40
p.pet_jfm,18.89765352519914,annualfractionnoflow,National,40
swe.p_jfm,15.285106907226861,annualfractionnoflow,National,40
p.pet_amj,20.866055387252935,annualfractionnoflow,National,40
swe.p_amj,10.270510332020342,annualfractionnoflow,National,40
p.pet_jas,16.992346344063737,annualfractionnoflow,National,40
swe.p_jas,3.923071014666525,annualfractionnoflow,National,40
p.pet_ond,21.69040525389658,annualfractionnoflow,National,40
swe.p_ond,15.65153317162351,annualfractionnoflow,National,40
p_mm_cy.previous,19.947176639264235,annualfractionnoflow,National,40
p_mm_jas.previous,16.855215061144712,annualfractionnoflow,National,40
p_mm_ond.previous,19.348824057973538,annualfractionnoflow,National,40
p_mm_jfm.previous,20.817493084256586,annualfractionnoflow,National,40
p_mm_amj.previous,11.310602242806848,annualfractionnoflow,National,40
pet_mm_cy.previous,14.443768158193617,annualfractionnoflow,National,40
pet_mm_jas.previous,17.37576562342222,annualfractionnoflow,National,40
pet_mm_ond.previous,13.076817999213633,annualfractionnoflow,National,40
pet_mm_jfm.previous,15.392721026174433,annualfractionnoflow,National,40
pet_mm_amj.previous,11.419186062027133,annualfractionnoflow,National,40
T_max_c_cy.previous,15.959747952586513,annualfractionnoflow,National,40
T_max_c_jas.previous,15.829398754905169,annualfractionnoflow,National,40
T_max_c_ond.previous,18.026599466578087,annualfractionnoflow,National,40
T_max_c_jfm.previous,19.756456623854582,annualfractionnoflow,National,40
T_max_c_amj.previous,16.03840120764652,annualfractionnoflow,National,40
swe_mm_cy.previous,13.453809308568914,annualfractionnoflow,National,40
swe_mm_jas.previous,2.715669075599217,annualfractionnoflow,National,40
swe_mm_ond.previous,15.685566653287118,annualfractionnoflow,National,40
swe_mm_jfm.previous,13.308455785830665,annualfractionnoflow,National,40
swe_mm_amj.previous,12.007018895214538,annualfractionnoflow,National,40
p.pet_cy.previous,28.58132164204195,annualfractionnoflow,National,40
swe.p_cy.previous,15.775172685493898,annualfractionnoflow,National,40
p.pet_jfm.previous,19.72942577952751,annualfractionnoflow,National,40
swe.p_jfm.previous,15.048132947093132,annualfractionnoflow,National,40
p.pet_amj.previous,10.670267213849346,annualfractionnoflow,National,40
swe.p_amj.previous,10.660559206424827,annualfractionnoflow,National,40
p.pet_jas.previous,14.434916924890501,annualfractionnoflow,National,40
swe.p_jas.previous,3.893159634458879,annualfractionnoflow,National,40
p.pet_ond.previous,19.278386093070093,annualfractionnoflow,National,40
swe.p_ond.previous,14.166845441205966,annualfractionnoflow,National,40
dams_n,19.593520473388406,annualfractionnoflow,National,40
maxstorage_af,21.435118826346116,annualfractionnoflow,National,40
normstorage_af,23.21109925824047,annualfractionnoflow,National,40
majordams_n,16.886262018090445,annualfractionnoflow,National,40
wuse_mm,36.12216735379509,annualfractionnoflow,National,40
irrig_prc,31.49514362249837,annualfractionnoflow,National,40
lulc_water_prc,31.448178794658848,annualfractionnoflow,National,40
lulc_dev_prc,31.51250887117004,annualfractionnoflow,National,40
lulc_wetland_prc,34.35930932725504,annualfractionnoflow,National,40
lulc_forest_prc,31.191173871481762,annualfractionnoflow,National,40
lulc_barren_prc,37.58608167572877,annualfractionnoflow,National,40
lulc_grass_prc,34.21084100577125,annualfractionnoflow,National,40
lulc_ag_prc,28.511778906743157,annualfractionnoflow,National,40
drain_sqkm,34.931993946525225,annualfractionnoflow,National,40
elev_mean_m_basin,29.26690494445695,annualfractionnoflow,National,40
slope_pct,28.266457141129255,annualfractionnoflow,National,40
awcave,22.235318032853304,annualfractionnoflow,National,40
permave,36.69132207705728,annualfractionnoflow,National,40
topwet,26.620714276193574,annualfractionnoflow,National,40
depth_bedrock_m,24.94772451660844,annualfractionnoflow,National,40
porosity,25.923048441287374,annualfractionnoflow,National,40
storage_m,23.93678392556909,annualfractionnoflow,National,40
clayave,35.03124286388224,annualfractionnoflow,National,40
siltave,31.812822692068938,annualfractionnoflow,National,40
sandave,39.27724872317552,annualfractionnoflow,National,40
